10,10,ADAL,,40,1175,78,163.00,57.61,32.86,3309,190645.00
611,611,ADAR,,90,1176,82,239.00,91.10,60.71,2242,204246.00
31,31,ADEL,,45,1179,69,167.00,74.56,39.02,2858,213087.00
636,636,ADER,,88,1176,70,27.00, 3.76, 2.53,1413,5314.00
647,647,ADESHL,,43,1180,58,14.00, 2.81, 2.19,1413,3966.00
586,586,ADESHR,,88,1140,80,249.00,75.11,58.10,2922,219461.00
911,911,ADFL,,53,1242,51,17.00, 2.77, 2.63,1413,3913.00
640,640,ADFR,,90,1249,52,15.00, 2.55, 2.63,1413,3610.00
285,285,ADLL,,64,1224,35,166.00,70.48,35.23,3767,265486.00
432,432,ADLR,,75,1231,39,186.00,71.44,34.59,3376,241195.00
650,650,AFDL,,45,1257,55,19.00, 2.89, 2.81,1413,4082.00
612,612,AFDR,,91,1264,59,220.00,78.91,49.69,2895,228457.00
679,679,AIAL,,58,1237,84,17.00, 3.02, 2.45,1413,4265.00
689,689,AIAR,,67,1238,86,19.00, 3.07, 2.71,1413,4332.00
119,119,AIBL,,51,1248,66,167.00,66.79,33.74,2878,192212.00
537,537,AIBR,,82,1252,67,227.00,89.15,47.77,2619,233483.00
672,672,AIML,,60,1190,88,19.00, 2.84, 2.50,1413,4011.00
674,674,AIMR,,70,1197,89,18.00, 3.00, 2.82,1413,4241.00
649,649,AINL,,47,1189,56,24.00, 3.06, 2.68,1413,4322.00
569,569,AINR,,87,1190,58,228.00,89.93,52.87,2794,251255.00
673,673,AIYL,,49,1188,84,14.00, 2.51, 2.17,1413,3549.00
484,484,AIYR,,79,1203,84,217.00,96.07,49.18,2346,225384.00
121,121,AIZL,,50,1197,68,185.00,79.54,36.30,2655,211166.00
646,646,AIZR,,81,1199,69,30.00, 2.87, 2.90,1413,4059.00
324,324,ALA,,65,1274,32,185.00,78.85,42.69,3005,236949.00
73,73,ALML,,48,874,37,162.00,49.67,36.91,3983,197837.00
551,551,ALMR,,85,848,49,236.00,69.23,56.09,3623,250835.00
206,206,ALNL,,58,260,56,232.00,78.03,56.75,3523,274907.00
393,393,ALNR,,70,257,53,239.00,86.87,60.86,2617,227350.00
33,33,AMSHL,,43,1178,44,112.00,46.88,19.05,3796,177944.00
598,598,AMSHR,,89,1179,47,178.00,58.61,34.51,3883,227588.00
719,719,AMSOL,,46,1435,53,14.00, 2.75, 2.38,1413,3885.00
579,579,AMSOR,,87,1445,55,204.00,57.31,39.97,3681,210975.00
57,57,ARCADL,,45,1467,64,133.00,47.34,26.76,3590,169954.00
702,702,ARCADR,,90,1469,61,217.00,59.35,42.80,3545,210382.00
732,732,ARCAV,,63,1522,86,17.00, 2.48, 2.34,1413,3510.00
379,379,ARCPD,,72,1490,38,237.00,61.53,44.39,2942,181020.00
720,720,ARCPDL,,55,1433,50,21.00, 3.64, 2.72,1413,5149.00
532,532,ARCPDR,,83,1427,51,218.00,67.86,46.32,3107,210831.00
735,735,ARCPV,,64,1493,89,13.00, 2.77, 2.33,1413,3907.00
905,905,ARCPVL,,46,1439,72,15.00, 3.41, 2.67,1413,4814.00
600,600,ARCPVR,,89,1450,71,204.00,63.75,44.68,3217,205099.00
5,5,ASEL,,41,1220,53,138.00,55.27,29.17,4771,263710.00
639,639,ASER,,91,1217,58,168.00,65.99,41.15,3273,215981.00
913,913,ASGL,,50,1223,42,11.00, 2.52, 2.07,1413,3561.00
466,466,ASGR,,79,1225,52,240.00,96.44,50.37,3007,289991.00
14,14,ASHL,,40,1239,60,140.00,54.35,29.99,3904,212192.00
606,606,ASHR,,91,1241,65,206.00,70.64,45.76,3121,220475.00
662,662,ASIL,,61,1210,43,13.00, 2.19, 1.94,1413,3094.00
454,454,ASIR,,74,1211,45,199.00,91.20,42.69,3219,293565.00
9,9,ASJL,,39,1224,74,128.00,49.51,23.68,3936,194891.00
619,619,ASJR,,91,1226,77,184.00,66.70,40.50,2721,181489.00
224,224,ASKL,,60,1245,40,164.00,62.71,33.32,4120,258364.00
456,456,ASKR,,77,1248,41,196.00,69.49,36.94,3677,255507.00
648,648,AUAL,,40,1242,76,30.00, 2.69, 2.62,1413,3803.00
628,628,AUAR,,91,1244,79,223.00,77.42,51.68,2851,220719.00
20,20,AVAL,,41,1276,57,162.00,58.43,34.54,3680,215021.00
605,605,AVAR,,91,1281,62,203.00,73.47,48.06,3053,224300.00
660,660,AVBL,,55,1210,51,12.00, 2.42, 1.99,1413,3414.00
508,508,AVBR,,81,1211,57,222.00,106.63,46.58,2461,262427.00
1,1,AVDL,,38,1202,61,167.00,56.11,34.93,4404,247126.00
614,614,AVDR,,90,1204,64,233.00,92.27,59.90,2497,230403.00
659,659,AVEL,,51,1268,62,18.00, 2.65, 2.30,1413,3742.00
538,538,AVER,,83,1268,67,238.00,101.11,54.97,2403,242969.00
665,665,AVG,,66,1165,98,12.00, 2.03, 1.83,1413,2866.00
652,652,AVHL,,48,1208,41,13.00, 2.12, 2.02,1413,2990.00
576,576,AVHR,,86,1215,46,245.00,99.82,58.90,2556,255152.00
52,52,AVJL,,45,1199,49,188.00,79.42,41.62,3102,246364.00
602,602,AVJR,,88,1201,51,241.00,100.61,59.32,2471,248608.00
134,134,AVKL,,53,1177,88,178.00,71.43,37.21,2675,191068.00
485,485,AVKR,,79,1178,86,223.00,97.74,49.55,2401,234665.00
499,499,AVL,,80,1241,79,200.00,92.78,44.49,2307,214054.00
912,912,AWAL,,58,1228,49,17.00, 3.77, 2.66,1413,5331.00
517,517,AWAR,,81,1240,55,213.00,91.95,46.23,2723,250372.00
651,651,AWBL,,44,1238,45,19.00, 2.33, 2.40,1413,3294.00
578,578,AWBR,,87,1234,47,247.00,91.22,54.61,2455,223955.00
3,3,AWCL,,38,1258,68,143.00,53.47,30.10,4442,237508.00
616,616,AWCR,,92,1259,72,216.00,74.55,48.21,2936,218886.00
351,351,B,,66,285,74,199.00,68.12,43.72,2632,179291.00
713,713,BAGL,,45,1324,68,17.00, 2.18, 2.22,1413,3077.00
696,696,BAGR,,89,1317,75,19.00, 2.31, 2.23,1413,3268.00
56,56,BDUL,,44,995,61,162.00,47.56,34.22,3161,150351.00
560,560,BDUR,,86,1051,72,228.00,70.26,56.69,2894,203329.00
62,62,CANL,,45,736,57,164.00,46.05,32.32,4440,204446.00
554,554,CANR,,85,768,73,228.00,66.31,50.31,3735,247659.00
100,100,CCLA,,49,780,80,194.00,52.48,42.06,3443,180704.00
112,112,CCLP,,51,737,74,187.00,53.36,44.31,4007,213822.00
413,413,CCRA,,77,1024,88,222.00,65.18,52.07,3608,235177.00
472,472,CCRP,,78,992,87,231.00,62.91,51.02,3452,217171.00
656,656,CEPDL,,56,1273,38,12.00, 2.28, 2.03,1413,3224.00
490,490,CEPDR,,81,1282,39,233.00,87.19,56.59,2697,235159.00
88,88,CEPSHDL,,48,1311,47,168.00,58.40,33.81,3512,205110.00
568,568,CEPSHDR,,87,1317,51,204.00,76.33,44.89,3077,234876.00
122,122,CEPSHVL,,51,1315,82,183.00,65.08,36.88,2049,133342.00
562,562,CEPSHVR,,85,1307,83,212.00,67.45,44.24,2946,198720.00
68,68,CEPSODL,,48,1358,49,214.00,66.90,38.83,4008,268146.00
580,580,CEPSODR,,88,1362,52,237.00,77.78,55.75,2934,228196.00
124,124,CEPSOVL,,52,1343,86,194.00,65.49,37.94,2663,174405.00
556,556,CEPSOVR,,84,1345,84,234.00,87.04,48.39,2216,192872.00
715,715,CEPVL,,63,1314,92,20.00, 2.43, 1.93,1413,3432.00
883,883,CEPVR,,75,1315,91,13.00, 2.35, 1.87,1413,3323.00
284,284,DA1,,63,1111,101,179.00,64.77,42.79,3347,216781.00
241,241,DA2,,59,1039,96,198.00,54.88,43.08,3279,179966.00
258,258,DA3,,61,947,97,216.00,57.59,46.77,3331,191841.00
240,240,DA4,,59,853,97,220.00,64.26,51.91,2917,187461.00
267,267,DA5,,60,735,92,231.00,66.82,53.96,3124,208736.00
238,238,DA6,,59,584,90,237.00,63.07,51.85,3904,246237.00
255,255,DA7,,60,457,87,245.00,74.99,57.15,3489,261630.00
796,796,DA8,,60,343,82,20.00, 2.69, 2.84,1413,3806.00
470,470,DA9,,75,331,77,239.00,86.95,59.58,3067,266674.00
663,663,DB1,,64,1145,105,12.00, 2.49, 2.30,1413,3525.00
874,874,DB2,,62,1205,102,13.00, 2.13, 1.96,1413,3012.00
257,257,DB3,,60,1059,97,184.00,52.02,39.12,3471,180573.00
242,242,DB4,,60,925,97,184.00,49.51,40.58,4264,211126.00
268,268,DB5,,61,766,93,207.00,57.76,46.21,3726,215222.00
239,239,DB6,,59,608,92,223.00,70.56,54.81,3312,233685.00
254,254,DB7,,61,477,87,228.00,62.32,51.36,4260,265479.00
664,664,DD1,,60,1149,97,12.00, 2.36, 2.21,1413,3333.00
896,896,DD2,,62,988,97,11.00, 1.65, 1.94,1413,2338.00
222,222,DD3,,58,832,94,206.00,56.52,46.76,4337,245138.00
237,237,DD4,,60,665,89,229.00,67.89,51.31,3454,234503.00
266,266,DD5,,61,519,89,249.00,80.24,62.28,2761,221529.00
797,797,DD6,,66,346,77,18.00, 3.09, 2.93,1413,4364.00
314,314,DEP,,65,272,51,220.00,82.94,49.66,3169,262837.00
870,870,DL1,,52,1476,47,140.00,47.10,23.25,4128,194433.00
861,861,DL10,,48,1086,34,103.00,16.55,22.23,2323,38435.00
149,149,DL11,,54,999,32,163.00,47.21,33.72,3931,185569.00
859,859,DL12,,56,955,33,158.00,45.70,31.33,4534,207226.00
185,185,DL13,,56,893,31,168.00,51.18,37.77,3947,201995.00
152,152,DL14,,55,829,34,185.00,46.51,32.13,3746,174235.00
201,201,DL15,,58,790,35,194.00,52.51,38.89,3642,191235.00
858,858,DL16,,57,742,32,189.00,55.06,39.56,4087,225037.00
857,857,DL17,,57,635,32,207.00,53.81,41.29,4239,228099.00
856,856,DL18,,57,559,37,196.00,57.40,43.68,3999,229531.00
855,855,DL19,,57,484,36,207.00,58.80,45.97,4749,279254.00
869,869,DL2,,52,1455,40,136.00,52.62,26.57,3236,170276.00
854,854,DL20,,57,408,40,201.00,54.95,42.77,4381,240751.00
853,853,DL21,,62,240,48,196.00,61.12,44.55,3518,215031.00
868,868,DL3,,52,1408,33,154.00,51.04,27.02,3591,183290.00
74,74,DL4,,47,1369,40,143.00,59.98,25.95,2545,152643.00
867,867,DL5,,54,1306,31,155.00,55.18,28.03,3720,205264.00
107,107,DL6,,49,1294,40,141.00,49.91,27.64,4038,201527.00
864,864,DL7,,62,1208,28,176.00,40.02,41.53,3391,135703.00
862,862,DL8,,54,1170,27,140.00,46.04,26.92,4242,195320.00
184,184,DL9,,56,1112,28,155.00,52.67,35.55,2658,140005.00
837,837,DR1,,84,1485,51,156.00,46.59,28.48,4136,192707.00
845,845,DR10,,84,1088,36,217.00,56.90,41.38,4217,239954.00
846,846,DR11,,75,1038,26,188.00,52.57,41.74,4382,230355.00
847,847,DR12,,81,983,37,208.00,54.49,40.78,4468,243460.00
849,849,DR13,,78,935,35,174.00,26.97,35.60,2957,79753.00
506,506,DR14,,82,878,43,206.00,58.12,46.10,4238,246305.00
850,850,DR15,,81,806,40,211.00,56.71,44.16,3945,223731.00
505,505,DR16,,81,739,40,218.00,59.97,47.57,4321,259124.00
491,491,DR17,,80,666,43,198.00,58.68,45.43,4286,251519.00
851,851,DR18,,78,587,40,243.00,63.51,49.26,3852,244659.00
431,431,DR19,,75,515,42,230.00,60.67,48.88,4337,263142.00
838,838,DR2,,84,1446,40,156.00,56.11,32.37,2039,114403.00
355,355,DR20,,69,445,44,211.00,59.22,42.69,3557,210659.00
852,852,DR21,,72,304,41,216.00,69.94,45.21,3845,268925.00
488,488,DR3,,80,1425,39,173.00,57.30,34.01,3380,193669.00
839,839,DR4,,90,1391,44,164.00,62.02,34.46,3448,213851.00
841,841,DR5,,82,1339,36,191.00,34.26,41.38,2599,89037.00
565,565,DR6,,87,1311,43,186.00,62.13,37.67,3474,215824.00
842,842,DR7,,78,1211,30,194.00,67.72,36.12,3854,260990.00
843,843,DR8,,81,1175,32,206.00,71.49,44.23,3554,254090.00
844,844,DR9,,81,1129,29,175.00,51.71,36.54,4244,219466.00
315,315,DVA,,66,289,54,241.00,88.88,47.03,3042,270369.00
318,318,DVC,,65,264,67,230.00,112.43,46.38,2038,229124.00
776,776,E1D,,71,1465,48,32.00, 2.91, 2.71,1413,4107.00
777,777,E1VL,,57,1476,73,26.00, 4.82, 3.24,1413,6805.00
778,778,E1VR,,80,1483,75,23.00, 3.83, 2.82,1413,5406.00
781,781,E2D,,65,1534,47,132.00,41.76,24.74,3444,143814.00
190,190,E2VL,,56,1535,74,146.00,40.28,27.25,4264,171742.00
424,424,E2VR,,74,1537,74,164.00,46.95,34.57,3988,187256.00
771,771,E3D,,70,1428,48,27.00, 3.62, 2.89,1413,5108.00
774,774,E3VL,,56,1448,73,29.00, 3.41, 2.71,1413,4822.00
452,452,E3VR,,78,1450,77,184.00,62.92,37.37,2773,174465.00
683,683,EXC DUCT,,52,1217,77,135.00,60.44,27.49,2954,178527.00
86,86,EXC GL L,,48,1129,91,155.00,46.91,33.90,4102,192411.00
500,500,EXC GL R,,81,1141,93,223.00,65.04,48.28,3306,215015.00
671,671,EXC,,61,1207,89,14.00, 3.21, 2.39,2103,6743.00
333,333,F,,66,303,60,241.00,96.52,52.81,2869,276907.00
7,7,FLPL,,39,1190,73,162.00,59.63,35.31,3569,212828.00
638,638,FLPR,,88,1190,73,25.00, 3.07, 2.69,1413,4333.00
309,309,G1,,63,1268,102,159.00,56.39,34.31,3244,182924.00
139,139,G1AL,,52,1165,49,138.00,56.45,27.75,3555,200688.00
507,507,G1AR,,80,1165,55,192.00,71.41,39.80,3135,223872.00
418,418,G1P,,75,1113,46,164.00,48.54,32.25,4916,238627.00
294,294,G2,,62,1246,96,199.00,79.39,40.98,2531,200927.00
220,220,G2L,,59,1116,83,210.00,68.00,46.34,3360,228480.00
908,908,G2R,,75,1116,83,11.00, 2.34, 2.04,1413,3310.00
657,657,GLRDL,,61,1278,47,10.00, 2.31, 1.87,1413,3268.00
643,643,GLRDR,,75,1281,47,14.00, 2.46, 2.00,1413,3472.00
658,658,GLRL,,54,1277,67,15.00, 2.81, 2.11,1413,3971.00
644,644,GLRR,,80,1278,74,12.00, 2.95, 2.30,1413,4166.00
181,181,GLRVL,,56,1281,77,211.00,82.53,45.22,2414,199219.00
645,645,GLRVR,,74,1282,81,13.00, 2.78, 1.95,1413,3933.00
44,44,H0L,,43,1412,60,119.00,43.94,21.21,4675,205410.00
613,613,H0R,,92,1418,64,196.00,56.87,36.74,2703,153727.00
712,712,H1L,,40,1308,68,12.00, 1.90, 1.92,2103,3990.00
693,693,H1R,,96,1323,67,17.00, 2.47, 2.37,3065,7572.00
820,820,H2L,,38,1155,63,94.00,39.49,15.63,4062,160421.00
799,799,H2R,,93,1165,59,158.00,49.65,28.11,2758,136943.00
866,866,HMC,,70,1181,33,172.00,21.83,36.19,1964,42871.00
82,82,HSNL,,47,701,72,184.00,56.87,43.28,3889,221161.00
482,482,HSNR,,78,712,78,249.00,77.92,60.88,3014,234855.00
784,784,HYP101,,64,118,62, 9.00, 1.24, 1.53,1413,1758.00
332,332,HYP102,,64,93,62,139.00,46.54,30.88,3581,166657.00
787,787,HYP11,,62,159,58,27.00, 1.61, 2.17,1413,2270.00
721,721,HYP1L,,51,1409,49,175.00,59.78,36.12,3371,201513.00
567,567,HYP1R,,88,1412,55,223.00,74.72,50.16,2773,207187.00
737,737,HYP1V,,72,1474,89,187.00,37.66,42.36,3241,122062.00
45,45,HYP2L,,44,1453,60,153.00,47.75,29.10,3644,174005.00
734,734,HYP2V,,70,1504,89,135.00,19.61,26.85,2345,45978.00
311,311,HYP31,,66,1521,38,177.00,52.79,36.40,3325,175527.00
246,246,HYP32,,60,1503,39,183.00,50.16,35.41,3776,189392.00
312,312,HYP4D,,64,1574,46,125.00,36.92,21.01,3849,142124.00
730,730,HYP4V1,,62,1597,78,152.00,44.56,29.39,3213,143181.00
322,322,HYP4V2,,64,1551,86,160.00,46.43,32.28,2958,137349.00
89,89,HYP5L,,47,1510,64,100.00,34.76,17.35,4750,165119.00
731,731,HYP5R,,86,1495,65,136.00,41.01,22.20,4122,169061.00
750,750,HYP6D1,,67,1459,33,146.00,24.01,35.58,2265,54379.00
747,747,HYP6D2,,66,1445,33,161.00,56.48,31.89,3374,190568.00
343,343,HYP6D3,,67,1403,32,182.00,64.42,38.48,3259,209949.00
342,342,HYP6D4,,67,1383,31,208.00,60.23,37.97,3741,225331.00
743,743,HYP6V1,,67,1466,96,15.00, 2.29, 2.28,1413,3240.00
341,341,HYP6V2,,66,1390,98,133.00,48.49,23.85,3489,169190.00
786,786,HYP71,,66,207,77,194.00,60.39,44.05,3611,218066.00
334,334,HYP72,,66,192,68,219.00,56.71,45.57,3520,199615.00
821,821,HYP7ABLD,,39,1084,58,80.00,28.44,12.35,4729,134508.00
822,822,HYP7ABLV,,39,1061,60,76.00,25.60,11.48,5212,133402.00
803,803,HYP7ABR3,,39,1113,52,82.00,22.21,18.01,4250,94413.00
804,804,HYP7ABRD,,90,1085,60,145.00,40.40,24.17,5177,209134.00
624,624,HYP7ABRV,,91,1113,78,134.00,41.84,23.44,4749,198714.00
746,746,HYP7D1,,66,1350,25,128.00,48.00,22.45,3870,185742.00
323,323,HYP7D2,,65,1249,29,142.00,50.25,24.39,3858,193865.00
825,825,HYP7LC1,,42,967,44,78.00,24.87,10.63,5159,128316.00
40,40,HYP7LC2,,43,847,48,88.00,28.18,13.63,5155,145252.00
828,828,HYP7LC3,,43,768,45,91.00,29.04,14.14,5261,152763.00
830,830,HYP7LC4,,45,633,50,139.00,32.09,17.40,6272,201246.00
76,76,HYP7LC5,,46,496,51,127.00,35.54,20.48,5789,205751.00
836,836,HYP7LC6,,52,301,48,148.00,20.97,27.95,3570,74849.00
805,805,HYP7RC1,,90,971,60,140.00,34.84,22.04,6107,212795.00
807,807,HYP7RC2,,85,862,67,133.00,38.18,24.69,5307,202645.00
810,810,HYP7RC3,,87,725,60,155.00,38.82,25.30,5764,223787.00
812,812,HYP7RC4,,86,613,53,157.00,40.93,27.50,5262,215374.00
529,529,HYP7RC5,,81,486,57,152.00,43.00,28.39,5799,249352.00
819,819,HYP7RC6,,80,314,49,171.00,32.62,32.78,3469,113168.00
742,742,HYP7V1,,66,1330,103,13.00, 2.14, 2.13,1413,3020.00
741,741,HYP7V2,,67,1307,105,158.00,53.31,27.58,2339,124688.00
788,788,HYP8,,66,165,66,12.00, 1.55, 1.68,1413,2185.00
785,785,HYP9,,66,129,68,10.00, 1.17, 1.51,1413,1656.00
231,231,I1L,,58,1416,73,181.00,63.68,37.20,4158,264796.00
447,447,I1R,,75,1417,75,214.00,74.66,47.38,3124,233230.00
758,758,I2L,,52,1375,80,25.00, 3.04, 2.47,1413,4298.00
761,761,I2R,,82,1378,80,15.00, 2.66, 2.24,1413,3755.00
347,347,I3,,67,1359,48,208.00,70.31,46.63,3588,252283.00
326,326,I4,,66,1173,40,211.00,74.80,43.55,3124,233660.00
306,306,I5,,66,1157,84,201.00,77.59,43.87,2791,216558.00
155,155,I6,,55,1152,42,201.00,63.34,42.75,3536,223971.00
728,728,IL1DL,,62,1331,42,20.00, 2.89, 2.75,1413,4080.00
710,710,IL1DR,,74,1337,44,23.00, 2.65, 2.65,1413,3742.00
30,30,IL1L,,44,1348,71,153.00,56.55,33.01,3242,183323.00
695,695,IL1R,,87,1348,73,16.00, 2.97, 2.51,1413,4191.00
716,716,IL1VL,,69,1340,93,40.00, 2.28, 2.61,1413,3222.00
699,699,IL1VR,,71,1326,93,11.00, 1.90, 1.82,1413,2686.00
727,727,IL2DL,,56,1350,37,169.00,61.23,36.32,3781,231514.00
455,455,IL2DR,,78,1352,37,235.00,79.96,47.45,4004,320178.00
21,21,IL2L,,41,1361,60,128.00,48.80,26.15,4028,196570.00
615,615,IL2R,,91,1364,65,188.00,63.15,41.13,3326,210053.00
293,293,IL2VL,,62,1351,98,187.00,64.00,40.18,2962,189558.00
698,698,IL2VR,,76,1345,93,40.00, 2.39, 2.62,1413,3382.00
138,138,ILSHDL,,52,1400,48,222.00,80.76,45.81,2630,212406.00
705,705,ILSHDR,,79,1390,35,193.00,70.40,42.26,3119,219576.00
718,718,ILSHL,,49,1395,83,14.00, 2.66, 2.28,1413,3760.00
701,701,ILSHR,,85,1396,82,13.00, 2.82, 2.22,1413,3990.00
739,739,ILSHVL,,63,1446,91,22.00, 2.74, 2.37,1413,3869.00
370,370,ILSHVR,,70,1429,91,217.00,62.98,41.80,3464,218179.00
244,244,ILSODL,,60,1480,39,191.00,57.70,42.20,3519,203034.00
748,748,ILSODR,,74,1469,38,12.00, 2.00, 2.03,1413,2827.00
63,63,ILSOL,,46,1419,74,169.00,59.43,34.61,4101,243736.00
584,584,ILSOR,,88,1427,72,204.00,73.59,46.89,3683,271032.00
738,738,ILSOVL,,63,1471,89,18.00, 3.22, 2.86,1413,4555.00
740,740,ILSOVR,,72,1455,91,21.00, 2.57, 2.40,1413,3635.00
144,144,IML,,54,380,75,195.00,59.29,41.71,4639,275040.00
462,462,IMR,,76,396,75,220.00,61.71,46.24,4221,260497.00
416,416,IND2,,74,994,46,92.00,30.71,15.40,6874,211068.00
327,327,IND3,,67,928,45,72.00,28.04,12.13,6036,169271.00
261,261,IND4,,66,853,46,80.00,28.75,13.45,8109,233119.00
421,421,IND5,,75,770,52,111.00,30.19,15.21,7130,215227.00
274,274,IND6,,64,620,49,108.00,32.48,17.47,7037,228545.00
275,275,IND7,,63,526,48,107.00,35.91,18.81,6618,237637.00
893,893,IND8,,56,429,50,106.00,41.91,23.16,3585,150252.00
894,894,IND9,,55,375,45,151.00,48.42,29.15,4765,230742.00
135,135,INDL1,,54,1044,36,78.00,30.90,14.79,6319,195274.00
888,888,INDR1,,74,1040,44,147.00,37.81,20.87,5742,217097.00
192,192,INV2,,57,1007,84,80.00,26.81,12.10,6051,162223.00
265,265,INV3,,63,924,80,69.00,25.77,11.12,6209,160017.00
889,889,INV4,,68,829,79,72.00,28.03,12.55,5889,165080.00
890,890,INV5,,57,712,43,79.00,29.18,13.18,6049,176528.00
891,891,INV6,,73,664,70,111.00,35.24,17.63,6396,225412.00
302,302,INV7,,65,578,76,98.00,33.35,17.32,5976,199293.00
892,892,INV8,,63,480,74,114.00,39.60,21.34,5108,202252.00
264,264,INV9,,64,390,77,161.00,53.26,32.53,3896,207482.00
132,132,INVL1,,52,1057,69,84.00,30.32,13.03,3909,118527.00
395,395,INVR1,,74,1058,83,97.00,35.31,17.51,5350,188901.00
816,816,K',,74,318,53,27.00, 6.76, 3.57,1413,9557.00
792,792,K,,59,310,50,30.00, 6.12, 3.95,1413,8643.00
161,161,LUAL,,55,282,56,255.00,90.25,66.99,3088,278677.00
423,423,LUAR,,75,279,56,253.00,97.91,70.84,2852,279235.00
479,479,M,,78,591,65,156.00,41.47,28.75,5590,231833.00
492,492,M1,,78,1151,45,227.00,76.91,53.19,3085,237263.00
164,164,M2L,,53,1167,70,186.00,77.28,39.28,2658,205420.00
480,480,M2R,,78,1168,71,236.00,101.08,56.22,2397,242295.00
250,250,M3L,,59,1334,78,205.00,69.04,42.81,3425,236458.00
409,409,M3R,,75,1334,76,246.00,76.43,50.31,4016,306932.00
350,350,M4,,66,1335,58,170.00,56.01,32.63,4823,270128.00
154,154,M5,,55,1123,42,190.00,57.59,41.06,3583,206352.00
230,230,MC1DL,,58,1395,56,146.00,60.99,27.85,2056,125387.00
770,770,MC1DR,,78,1385,57,144.00,28.97,29.71,2174,62970.00
767,767,MC1V,,67,1393,82,17.00, 5.81, 2.70,1413,8205.00
902,902,MC2DL,,60,1193,59,148.00,62.04,25.53,3744,232260.00
405,405,MC2DR,,71,1199,60,193.00,72.97,33.99,3842,280368.00
903,903,MC2V,,66,1203,77,181.00,62.25,29.69,3635,226281.00
801,801,MC3DL,,50,1128,52,23.00, 2.33, 2.26,1413,3299.00
530,530,MC3DR,,84,1128,54,200.00,57.26,41.93,3951,226237.00
909,909,MC3V,,70,1130,80,123.00,42.88,24.53,1850,79336.00
759,759,MCL,,59,1380,74,18.00, 3.71, 2.60,1413,5247.00
760,760,MCR,,75,1384,74,12.00, 3.48, 2.38,1413,4911.00
752,752,MI,,66,1376,45,14.00, 2.88, 2.40,1413,4068.00
751,751,NSML,,55,1359,80,14.00, 2.72, 2.28,1413,3843.00
469,469,NSMR,,79,1361,79,243.00,85.30,51.57,2705,230728.00
724,724,OLLL,,51,1340,56,19.00, 2.11, 2.33,1413,2975.00
707,707,OLLR,,84,1343,58,13.00, 2.42, 2.31,1413,3418.00
24,24,OLLSHL,,41,1382,69,169.00,53.88,33.13,3980,214445.00
608,608,OLLSHR,,90,1385,73,234.00,73.51,51.90,2714,199514.00
54,54,OLLSOL,,45,1377,51,178.00,61.87,36.26,3347,207086.00
703,703,OLLSOR,,85,1401,51,31.00, 3.32, 2.67,1413,4688.00
729,729,OLQDL,,62,1319,38,13.00, 2.77, 2.08,1413,3909.00
709,709,OLQDR,,78,1326,43,15.00, 2.54, 2.33,1413,3588.00
34,34,OLQSHDL,,43,1392,53,201.00,61.79,39.87,3994,246791.00
704,704,OLQSHDR,,92,1390,55,27.00, 4.77, 3.67,1413,6744.00
717,717,OLQSHVL,,46,1400,74,15.00, 3.15, 2.35,1413,4457.00
700,700,OLQSHVR,,89,1402,74,16.00, 3.48, 2.39,1413,4912.00
745,745,OLQSODL,,60,1459,41,211.00,76.78,44.32,3150,241854.00
744,744,OLQSODR,,74,1449,39,18.00, 2.31, 2.25,1413,3260.00
93,93,OLQSOVL,,50,1410,84,196.00,70.13,41.41,2847,199657.00
557,557,OLQSOVR,,85,1413,80,208.00,76.38,48.00,2824,215687.00
146,146,OLQVL,,52,1326,82,163.00,78.17,35.72,2111,165026.00
697,697,OLQVR,,83,1325,77,18.00, 2.53, 2.36,1413,3572.00
38,38,P1/2L,,41,963,76,112.00,38.01,21.55,3685,140049.00
806,806,P1/2R,,87,966,85,193.00,58.06,42.42,3582,207989.00
834,834,P11/12L,,46,360,72,108.00,10.79,19.32,2700,29130.00
815,815,P11/12R,,81,371,71,205.00,55.39,38.39,3994,221237.00
39,39,P3/4L,,42,870,75,110.00,37.19,21.16,4128,153507.00
526,526,P3/4R,,83,877,85,199.00,54.66,41.75,3877,211909.00
50,50,P5/6L,,42,760,74,122.00,37.60,22.76,4596,172801.00
809,809,P5/6R,,82,766,87,169.00,55.37,37.70,4253,235489.00
829,829,P7/8L,,45,612,77,157.00,40.35,24.72,4801,193697.00
483,483,P7/8R,,79,635,86,195.00,55.55,44.40,4198,233184.00
81,81,P9/10L,,47,496,72,162.00,48.40,33.62,4536,219560.00
498,498,P9/10R,,79,502,78,202.00,53.33,41.32,4357,232378.00
794,794,PHAL,,57,296,71,15.00, 2.88, 2.27,1413,4066.00
790,790,PHAR,,75,294,71,16.00, 2.48, 2.19,1413,3505.00
793,793,PHBL,,54,294,62,19.00, 2.54, 2.36,1413,3586.00
789,789,PHBR,,77,290,63,16.00, 2.52, 2.42,1413,3560.00
207,207,PHSHL,,58,249,62,239.00,75.56,55.88,3545,267843.00
408,408,PHSHR,,71,249,64,247.00,85.72,59.86,2672,229041.00
232,232,PLML,,60,237,71,222.00,61.30,48.95,4057,248712.00
366,366,PLMR,,69,220,67,234.00,70.01,49.98,3981,278695.00
763,763,PM1DL,,67,1391,48,26.00, 5.47, 3.44,1413,7723.00
762,762,PM1DR,,73,1396,53,26.00, 8.38, 4.60,1413,11841.00
765,765,PM1L,,57,1394,65,192.00,40.83,43.37,3473,141813.00
446,446,PM1R,,78,1398,68,252.00,97.37,55.21,3961,385684.00
766,766,PM1VL,,61,1396,80,17.00, 5.10, 2.60,1413,7205.00
768,768,PM1VR,,75,1397,78,16.00, 4.19, 2.58,1413,5926.00
329,329,PM2D1,,66,1511,48,172.00,53.93,35.90,2856,154013.00
356,356,PM2D2,,68,1491,48,173.00,54.16,38.05,3148,170493.00
180,180,PM2VL1,,56,1513,74,166.00,49.85,36.81,3924,195600.00
179,179,PM2VL2,,56,1494,73,178.00,49.52,36.46,3873,191796.00
783,783,PM2VR1,,76,1515,74,17.00, 2.37, 2.24,1413,3348.00
782,782,PM2VR2,,78,1506,74,20.00, 2.32, 2.24,1413,3285.00
775,775,PM3DL,,67,1462,51,26.00, 4.05, 2.91,1413,5723.00
772,772,PM3DR,,74,1447,54,20.00, 4.39, 2.81,2103,9242.00
209,209,PM3L,,58,1434,67,142.00,50.01,27.11,2501,125082.00
773,773,PM3R,,79,1428,70,184.00,58.88,35.12,3537,208257.00
780,780,PM3VL,,61,1465,77,19.00, 4.94, 3.01,1413,6981.00
779,779,PM3VR,,73,1470,77,21.00, 4.94, 3.16,1413,6979.00
757,757,PM4DL,,58,1373,48,14.00, 2.37, 2.21,1413,3348.00
754,754,PM4DR,,75,1380,48,179.00,33.08,46.28,2311,76440.00
131,131,PM4L,,51,1371,65,181.00,61.68,31.59,3161,194962.00
495,495,PM4R,,81,1375,65,191.00,71.00,40.96,3147,223432.00
756,756,PM4VL,,62,1367,86,168.00,62.08,31.63,3066,190335.00
755,755,PM4VR,,76,1369,87,167.00,67.59,33.39,3405,230134.00
898,898,PM5DL,,60,1182,47,20.00, 5.46, 2.98,1413,7721.00
901,901,PM5DR,,73,1182,47,22.00, 4.61, 2.96,1413,6513.00
218,218,PM5L,,55,1179,60,163.00,79.03,33.55,2842,224602.00
407,407,PM5R,,75,1180,63,225.00,78.44,40.30,3487,273503.00
899,899,PM5VL,,62,1173,77,25.00, 2.85, 2.09,1413,4020.00
900,900,PM5VR,,71,1172,78,13.00, 3.14, 2.23,1413,4434.00
362,362,PM6D,,67,1154,41,170.00,68.84,36.93,2972,204581.00
165,165,PM6VL,,54,1152,71,139.00,52.70,25.92,3203,168806.00
468,468,PM6VR,,78,1151,72,178.00,61.70,37.90,3654,225465.00
897,897,PM7D,,66,1131,37,178.00,51.26,33.84,4555,233508.00
111,111,PM7VL,,51,1128,71,140.00,42.47,24.50,3966,168424.00
497,497,PM7VR,,80,1129,75,162.00,51.76,33.24,4365,225938.00
305,305,PM8,,67,1106,76,175.00,60.83,37.85,3221,195927.00
162,162,PVCL,,56,274,65,210.00,67.70,49.59,3966,268508.00
445,445,PVCR,,74,268,65,235.00,92.11,61.62,2733,251737.00
211,211,PVPL,,60,361,80,236.00,81.78,55.29,3266,267088.00
798,798,PVPR,,74,353,77,19.00, 3.22, 2.96,1413,4551.00
142,142,PVQL,,54,313,66,218.00,61.46,47.31,4208,258642.00
461,461,PVQR,,77,308,65,243.00,79.28,56.67,3396,269228.00
331,331,PVR,,66,214,54,228.00,67.63,49.49,3358,227103.00
339,339,PVT,,68,374,81,251.00,75.16,55.17,3344,251322.00
78,78,QL,,48,554,57,182.00,51.48,35.34,6350,326879.00
519,519,QR,,82,622,71,172.00,49.96,36.67,5612,280350.00
791,791,REPD,,66,323,46,244.00,87.54,56.85,2731,239077.00
163,163,REPVL,,55,333,65,237.00,67.89,52.80,3716,252274.00
467,467,REPVR,,79,336,63,245.00,73.24,55.19,3588,262791.00
654,654,RIAL,,54,1261,49,20.00, 2.51, 2.60,1413,3541.00
641,641,RIAR,,80,1259,53,15.00, 2.64, 2.52,1413,3731.00
110,110,RIBL,,49,1228,61,170.00,69.58,34.84,2868,199554.00
536,536,RIBR,,82,1226,67,221.00,92.09,50.46,2785,256476.00
4,4,RICL,,39,1204,74,150.00,57.16,32.54,3185,182040.00
637,637,RICR,,89,1200,79,30.00, 2.68, 2.63,1413,3793.00
310,310,RID,,66,1298,32,194.00,59.49,40.94,4092,243443.00
270,270,RIFL,,60,1178,99,197.00,83.71,43.94,2346,196377.00
667,667,RIFR,,73,1170,96,12.00, 2.24, 1.98,1413,3165.00
666,666,RIGL,,57,1163,97, 9.00, 2.19, 1.80,1413,3098.00
271,271,RIGR,,62,1129,101,187.00,55.66,39.02,3951,219922.00
692,692,RIH,,66,1267,85,13.00, 2.59, 2.11,1413,3654.00
97,97,RIML,,47,1212,63,168.00,73.40,31.84,2481,182095.00
561,561,RIMR,,84,1213,74,195.00,81.05,42.62,2480,200995.00
723,723,RIPL,,51,1327,61,24.00, 2.33, 2.51,1413,3287.00
518,518,RIPR,,83,1328,61,221.00,86.34,48.05,3085,266373.00
690,690,RIR,,75,1253,80,15.00, 2.73, 2.53,1413,3858.00
545,545,RIS,,80,1191,88,222.00,87.76,46.48,2200,193063.00
661,661,RIVL,,55,1197,40,16.00, 2.58, 2.48,1413,3645.00
477,477,RIVR,,79,1197,47,248.00,107.25,53.44,2538,272190.00
677,677,RMDDL,,48,1273,87,15.00, 2.50, 2.12,1413,3539.00
686,686,RMDDR,,79,1272,91,15.00, 2.58, 2.04,1413,3642.00
25,25,RMDL,,41,1284,72,140.00,55.83,29.03,3085,172229.00
618,618,RMDR,,91,1285,76,217.00,76.19,50.49,2864,218215.00
17,17,RMDVL,,41,1294,56,144.00,47.47,27.05,3853,182900.00
622,622,RMDVR,,92,1298,62,227.00,66.26,48.72,3238,214550.00
711,711,RMED,,74,1316,36,13.00, 2.59, 2.02,1413,3660.00
722,722,RMEL,,51,1314,64,24.00, 2.60, 2.35,1413,3667.00
706,706,RMER,,87,1315,64,19.00, 2.81, 2.39,1413,3967.00
283,283,RMEV,,65,1300,96,179.00,60.74,40.55,3498,212472.00
37,37,RMGL,,43,1160,77,146.00,55.04,30.43,3660,201454.00
574,574,RMGR,,88,1159,81,235.00,70.58,50.17,3121,220289.00
678,678,SAADL,,57,1269,85,12.00, 2.69, 2.06,1413,3802.00
687,687,SAADR,,74,1268,86,15.00, 2.55, 2.12,1413,3598.00
655,655,SAAVL,,53,1277,50,15.00, 2.41, 2.11,1413,3404.00
642,642,SAAVR,,81,1278,55,17.00, 2.39, 2.15,1413,3384.00
414,414,SABD,,71,1152,97,234.00,89.96,50.73,2341,210586.00
669,669,SABVL,,62,1191,102,14.00, 2.20, 2.04,1413,3105.00
668,668,SABVR,,70,1186,98,13.00, 2.41, 2.13,1413,3400.00
681,681,SIADL,,47,1241,79,17.00, 3.15, 2.66,1413,4450.00
907,907,SIADR,,82,1227,87,23.00, 4.08, 3.15,1413,5764.00
680,680,SIAVL,,48,1230,89,18.00, 3.26, 2.62,1413,4606.00
906,906,SIAVR,,73,1224,86,16.00, 3.81, 2.73,1413,5390.00
15,15,SIBDL,,42,1271,73,175.00,66.17,37.67,3438,227490.00
610,610,SIBDR,,90,1271,78,233.00,91.94,58.52,2286,210164.00
682,682,SIBVL,,51,1262,76,17.00, 3.27, 2.57,1413,4623.00
691,691,SIBVR,,81,1261,82,20.00, 2.96, 2.54,1413,4180.00
675,675,SMBDL,,51,1247,92,19.00, 2.33, 2.50,1413,3287.00
684,684,SMBDR,,76,1240,92,17.00, 3.08, 2.91,1413,4355.00
234,234,SMBVL,,58,1253,81,194.00,93.63,40.92,2133,199720.00
688,688,SMBVR,,68,1255,87,15.00, 2.61, 2.38,1413,3684.00
676,676,SMDDL,,48,1260,90,15.00, 2.29, 2.36,1413,3231.00
685,685,SMDDR,,78,1255,93,14.00, 2.66, 2.39,1413,3754.00
653,653,SMDVL,,47,1268,43,15.00, 2.13, 2.35,1413,3009.00
577,577,SMDVR,,86,1270,47,227.00,94.14,52.88,2628,247400.00
795,795,SPH,,55,352,67,15.00, 2.45, 2.37,1413,3456.00
208,208,TL,,56,219,61,162.00,45.65,30.76,4714,215192.00
365,365,TR,,70,233,59,139.00,47.76,28.91,3431,163876.00
301,301,U,,64,330,75,227.00,94.17,52.15,2716,255774.00
726,726,URADL,,54,1337,44,18.00, 2.44, 2.57,1413,3445.00
489,489,URADR,,80,1373,38,232.00,88.62,52.90,2797,247879.00
714,714,URAVL,,60,1330,93,13.00, 2.19, 2.27,1413,3094.00
510,510,URAVR,,81,1330,88,243.00,95.52,54.03,2330,222567.00
725,725,URBL,,43,1339,61,16.00, 2.01, 2.52,1413,2844.00
694,694,URBR,,91,1343,61,14.00, 2.47, 2.33,1413,3493.00
297,297,URXL,,64,1262,41,219.00,89.63,47.04,2720,243806.00
444,444,URXR,,75,1267,40,204.00,92.27,43.68,2817,259929.00
117,117,URYDL,,51,1324,45,207.00,84.66,44.34,2618,221639.00
708,708,URYDR,,84,1340,46,12.00, 2.06, 2.18,1413,2913.00
49,49,URYVL,,46,1336,76,188.00,67.71,38.50,2966,200816.00
607,607,URYVR,,88,1335,76,231.00,92.86,53.48,2336,216918.00
13,13,V1L,,39,1022,60,100.00,34.35,18.53,4122,141603.00
595,595,V1R,,89,1025,69,173.00,46.82,32.37,4180,195708.00
826,826,V2L,,42,911,69,105.00,32.10,15.32,4510,144767.00
524,524,V2R,,84,919,82,159.00,43.55,30.47,4791,208627.00
827,827,V3L,,43,808,73,95.00,33.97,16.61,4511,153248.00
808,808,V3R,,85,830,82,163.00,44.31,30.40,5000,221569.00
70,70,V4L,,45,669,67,118.00,37.82,22.05,4702,177834.00
811,811,V4R,,85,677,79,172.00,47.92,32.89,5140,246315.00
831,831,V5L,,45,523,66,160.00,43.63,26.50,5418,236402.00
814,814,V5R,,80,533,72,184.00,50.57,34.55,4924,249017.00
832,832,V6L,,45,431,69,140.00,40.39,25.88,5407,218363.00
481,481,V6R,,79,438,70,175.00,47.63,33.11,5269,250947.00
904,904,VIRL,,59,346,50,210.00,66.28,45.92,3529,233908.00
406,406,VIRR,,72,348,59,245.00,68.17,51.17,3839,261701.00
871,871,VL1,,49,1465,77,20.00, 3.30, 2.75,1413,4668.00
85,85,VL10,,48,1062,85,135.00,39.24,24.01,5580,218959.00
895,895,VL11,,54,989,94,12.00, 1.43, 1.74,1413,2020.00
823,823,VL12,,43,927,84,142.00,41.68,27.65,4441,185098.00
147,147,VL13,,54,871,92,175.00,50.58,37.50,3464,175199.00
113,113,VL14,,50,818,85,157.00,46.73,33.91,4657,217622.00
169,169,VL15,,55,752,85,186.00,51.03,38.52,4382,223594.00
123,123,VL16,,53,673,79,191.00,51.09,37.31,4539,231888.00
876,876,VL17,,55,555,84,183.00,53.39,38.89,4289,228995.00
877,877,VL18,,55,436,82,203.00,58.18,41.72,4271,248500.00
210,210,VL19,,59,264,76,207.00,67.19,47.35,3683,247469.00
872,872,VL2,,52,1454,87,15.00, 2.92, 2.42,1413,4124.00
193,193,VL3,,55,1421,93,147.00,51.00,27.87,3604,183796.00
84,84,VL4,,46,1367,88,131.00,56.83,24.11,1502,85357.00
910,910,VL5,,54,1321,95,15.00, 2.30, 2.09,1413,3244.00
105,105,VL6,,47,1299,88,128.00,44.21,22.24,3635,160715.00
171,171,VL7,,53,1199,99,157.00,67.82,32.70,1226,83147.00
875,875,VL8,,49,1156,94, 9.00, 2.01, 1.81,1413,2840.00
148,148,VL9,,54,1108,95,172.00,54.21,36.27,3593,194787.00
373,373,VPI1,,71,1099,40,181.00,59.69,39.85,2868,171196.00
160,160,VPI2DL,,56,1097,51,205.00,55.33,41.38,4185,231549.00
535,535,VPI2DR,,83,1100,59,223.00,62.32,46.81,4045,252097.00
236,236,VPI2V,,63,1104,86,224.00,74.37,50.28,3180,236493.00
316,316,VPI3D,,69,1090,51,183.00,67.69,43.31,4119,278806.00
281,281,VPI3V,,69,1095,82,195.00,61.48,45.18,3242,199326.00
887,887,VR1,,85,1464,83,21.00, 2.92, 2.70,1413,4125.00
880,880,VR10,,79,1092,92,159.00,49.45,32.27,3713,183626.00
388,388,VR11,,71,1014,94,180.00,52.80,38.41,3284,173392.00
428,428,VR12,,75,951,92,234.00,55.80,41.55,3301,184206.00
389,389,VR13,,72,899,93,186.00,54.66,41.59,3813,208430.00
397,397,VR14,,72,847,91,188.00,57.14,42.11,3284,187657.00
387,387,VR15,,71,782,91,198.00,56.93,43.95,4096,233181.00
398,398,VR16,,72,703,85,214.00,64.10,45.45,3711,237892.00
385,385,VR17,,71,614,87,233.00,60.12,46.75,3964,238301.00
879,879,VR18,,73,536,87,218.00,57.23,44.02,4503,257717.00
878,878,VR19,,73,439,82,232.00,62.86,46.39,4234,266158.00
544,544,VR2,,82,1441,87,141.00,50.99,26.54,3865,197060.00
375,375,VR20,,70,255,76,211.00,68.14,48.08,3262,222272.00
886,886,VR3,,78,1408,95,172.00,58.16,34.41,3203,186284.00
564,564,VR4,,86,1370,89,183.00,58.68,32.88,3026,177580.00
885,885,VR5,,80,1325,97,168.00,27.95,37.65,2412,67422.00
882,882,VR6,,86,1290,88,177.00,58.25,33.68,3023,176076.00
440,440,VR7,,75,1220,97,175.00,63.28,37.62,2937,185851.00
511,511,VR8,,80,1161,94,216.00,67.11,40.89,2401,161128.00
881,881,VR9,,78,1126,97,190.00,56.24,36.48,3691,207567.00
670,670,W,,62,1233,102,161.00,54.62,32.44,3421,186847.00
27,27,XXXL,,41,1364,73,155.00,55.61,32.60,3779,210154.00
609,609,XXXR,,90,1365,77,223.00,80.68,53.29,2520,203303.00
352,352,YPDA,,66,320,85,215.00,64.84,46.38,3688,239120.00
394,394,Z1,,71,750,83,187.00,58.61,41.99,3861,226308.00
335,335,Z2,,70,733,78,224.00,59.62,44.64,7870,469216.00
167,167,Z3,,58,712,77,211.00,56.56,39.94,8204,463991.00
221,221,Z4,,59,696,81,181.00,59.92,38.51,3583,214694.00
