184,184,,,56,1112,28,155.00,52.67,35.55,2658,140005.00
323,323,,,65,1249,29,142.00,50.25,24.39,3858,193865.00
185,185,,,56,893,31,168.00,51.18,37.77,3947,201995.00
342,342,,,67,1383,31,208.00,60.23,37.97,3741,225331.00
149,149,,,54,999,32,163.00,47.21,33.72,3931,185569.00
310,310,,,66,1298,32,194.00,59.49,40.94,4092,243443.00
324,324,,,65,1274,32,185.00,78.85,42.69,3005,236949.00
343,343,,,67,1403,32,182.00,64.42,38.48,3259,209949.00
152,152,,,55,829,34,185.00,46.51,32.13,3746,174235.00
201,201,,,58,790,35,194.00,52.51,38.89,3642,191235.00
285,285,,,64,1224,35,166.00,70.48,35.23,3767,265486.00
135,135,,,54,1044,36,78.00,30.90,14.79,6319,195274.00
73,73,,,48,874,37,162.00,49.67,36.91,3983,197837.00
455,455,IL2DR,*FIX*,78,1352,37,235.00,79.96,47.45,4004,320178.00
311,311,,,66,1521,38,177.00,52.79,36.40,3325,175527.00
379,379,,,72,1490,38,237.00,61.53,44.39,2942,181020.00
489,489,,,80,1373,38,232.00,88.62,52.90,2797,247879.00
244,244,,,60,1480,39,191.00,57.70,42.20,3519,203034.00
246,246,,,60,1503,39,183.00,50.16,35.41,3776,189392.00
432,432,,,75,1231,39,186.00,71.44,34.59,3376,241195.00
488,488,,,80,1425,39,173.00,57.30,34.01,3380,193669.00
490,490,,,81,1282,39,233.00,87.19,56.59,2697,235159.00
74,74,,,47,1369,40,143.00,59.98,25.95,2545,152643.00
107,107,,,49,1294,40,141.00,49.91,27.64,4038,201527.00
224,224,,,60,1245,40,164.00,62.71,33.32,4120,258364.00
326,326,,,66,1173,40,211.00,74.80,43.55,3124,233660.00
373,373,,,71,1099,40,181.00,59.69,39.85,2868,171196.00
444,444,,,75,1267,40,204.00,92.27,43.68,2817,259929.00
505,505,,,81,739,40,218.00,59.97,47.57,4321,259124.00
297,297,,,64,1262,41,219.00,89.63,47.04,2720,243806.00
362,362,,,67,1154,41,170.00,68.84,36.93,2972,204581.00
456,456,,,77,1248,41,196.00,69.49,36.94,3677,255507.00
154,154,,,55,1123,42,190.00,57.59,41.06,3583,206352.00
155,155,,,55,1152,42,201.00,63.34,42.75,3536,223971.00
431,431,,,75,515,42,230.00,60.67,48.88,4337,263142.00
491,491,,,80,666,43,198.00,58.68,45.43,4286,251519.00
506,506,,,82,878,43,206.00,58.12,46.10,4238,246305.00
565,565,,,87,1311,43,186.00,62.13,37.67,3474,215824.00
33,33,,,43,1178,44,112.00,46.88,19.05,3796,177944.00
355,355,,,69,445,44,211.00,59.22,42.69,3557,210659.00
117,117,,,51,1324,45,207.00,84.66,44.34,2618,221639.00
327,327,,,67,928,45,72.00,28.04,12.13,6036,169271.00
454,454,,,74,1211,45,199.00,91.20,42.69,3219,293565.00
492,492,,,78,1151,45,227.00,76.91,53.19,3085,237263.00
261,261,,,66,853,46,80.00,28.75,13.45,8109,233119.00
312,312,,,64,1574,46,125.00,36.92,21.01,3849,142124.00
416,416,,,74,994,46,92.00,30.71,15.40,6874,211068.00
418,418,,,75,1113,46,164.00,48.54,32.25,4916,238627.00
576,576,,,86,1215,46,245.00,99.82,58.90,2556,255152.00
88,88,,,48,1311,47,168.00,58.40,33.81,3512,205110.00
477,477,,,79,1197,47,248.00,107.25,53.44,2538,272190.00
577,577,,,86,1270,47,227.00,94.14,52.88,2628,247400.00
578,578,,,87,1234,47,247.00,91.22,54.61,2455,223955.00
598,598,,,89,1179,47,178.00,58.61,34.51,3883,227588.00
40,40,,,43,847,48,88.00,28.18,13.63,5155,145252.00
138,138,,,52,1400,48,222.00,80.76,45.81,2630,212406.00
275,275,,,63,526,48,107.00,35.91,18.81,6618,237637.00
329,329,,,66,1511,48,172.00,53.93,35.90,2856,154013.00
347,347,,,67,1359,48,208.00,70.31,46.63,3588,252283.00
356,356,,,68,1491,48,173.00,54.16,38.05,3148,170493.00
52,52,,,45,1199,49,188.00,79.42,41.62,3102,246364.00
68,68,,,48,1358,49,214.00,66.90,38.83,4008,268146.00
139,139,,,52,1165,49,138.00,56.45,27.75,3555,200688.00
274,274,,,64,620,49,108.00,32.48,17.47,7037,228545.00
551,551,,,85,848,49,236.00,69.23,56.09,3623,250835.00
54,54,,,45,1377,51,178.00,61.87,36.26,3347,207086.00
76,76,,,46,496,51,127.00,35.54,20.48,5789,205751.00
160,160,,,56,1097,51,205.00,55.33,41.38,4185,231549.00
314,314,,,65,272,51,220.00,82.94,49.66,3169,262837.00
316,316,,,69,1090,51,183.00,67.69,43.31,4119,278806.00
532,532,,,83,1427,51,218.00,67.86,46.32,3107,210831.00
568,568,,,87,1317,51,204.00,76.33,44.89,3077,234876.00
602,602,,,88,1201,51,241.00,100.61,59.32,2471,248608.00
421,421,,,75,770,52,111.00,30.19,15.21,7130,215227.00
466,466,,,79,1225,52,240.00,96.44,50.37,3007,289991.00
580,580,,,88,1362,52,237.00,77.78,55.75,2934,228196.00
5,5,,,41,1220,53,138.00,55.27,29.17,4771,263710.00
34,34,,,43,1392,53,201.00,61.79,39.87,3994,246791.00
393,393,,,70,257,53,239.00,86.87,60.86,2617,227350.00
315,315,,,66,289,54,241.00,88.88,47.03,3042,270369.00
331,331,,,66,214,54,228.00,67.63,49.49,3358,227103.00
530,530,,,84,1128,54,200.00,57.26,41.93,3951,226237.00
507,507,,,80,1165,55,192.00,71.41,39.80,3135,223872.00
517,517,,,81,1240,55,213.00,91.95,46.23,2723,250372.00
567,567,,,88,1412,55,223.00,74.72,50.16,2773,207187.00
579,579,,,87,1445,55,204.00,57.31,39.97,3681,210975.00
17,17,,,41,1294,56,144.00,47.47,27.05,3853,182900.00
161,161,,,55,282,56,255.00,90.25,66.99,3088,278677.00
206,206,,,58,260,56,232.00,78.03,56.75,3523,274907.00
230,230,,,58,1395,56,146.00,60.99,27.85,2056,125387.00
423,423,,,75,279,56,253.00,97.91,70.84,2852,279235.00
20,20,,,41,1276,57,162.00,58.43,34.54,3680,215021.00
62,62,,,45,736,57,164.00,46.05,32.32,4440,204446.00
78,78,,,48,554,57,182.00,51.48,35.34,6350,326879.00
508,508,,,81,1211,57,222.00,106.63,46.58,2461,262427.00
529,529,,,81,486,57,152.00,43.00,28.39,5799,249352.00
350,350,,,66,1335,58,170.00,56.01,32.63,4823,270128.00
569,569,,,87,1190,58,228.00,89.93,52.87,2794,251255.00
365,365,,,70,233,59,139.00,47.76,28.91,3431,163876.00
406,406,,,72,348,59,245.00,68.17,51.17,3839,261701.00
535,535,,,83,1100,59,223.00,62.32,46.81,4045,252097.00
612,612,,,91,1264,59,220.00,78.91,49.69,2895,228457.00
13,13,,,39,1022,60,100.00,34.35,18.53,4122,141603.00
14,14,,,40,1239,60,140.00,54.35,29.99,3904,212192.00
21,21,,,41,1361,60,128.00,48.80,26.15,4028,196570.00
44,44,,,43,1412,60,119.00,43.94,21.21,4675,205410.00
45,45,,,44,1453,60,153.00,47.75,29.10,3644,174005.00
218,218,,,55,1179,60,163.00,79.03,33.55,2842,224602.00
333,333,,,66,303,60,241.00,96.52,52.81,2869,276907.00
405,405,,,71,1199,60,193.00,72.97,33.99,3842,280368.00
1,1,,,38,1202,61,167.00,56.11,34.93,4404,247126.00
56,56,,,44,995,61,162.00,47.56,34.22,3161,150351.00
110,110,,,49,1228,61,170.00,69.58,34.84,2868,199554.00
208,208,,,56,219,61,162.00,45.65,30.76,4714,215192.00
518,518,,,83,1328,61,221.00,86.34,48.05,3085,266373.00
207,207,,,58,249,62,239.00,75.56,55.88,3545,267843.00
332,332,,,64,93,62,139.00,46.54,30.88,3581,166657.00
605,605,,,91,1281,62,203.00,73.47,48.06,3053,224300.00
622,622,,,92,1298,62,227.00,66.26,48.72,3238,214550.00
97,97,,,47,1212,63,168.00,73.40,31.84,2481,182095.00
407,407,,,75,1180,63,225.00,78.44,40.30,3487,273503.00
467,467,,,79,336,63,245.00,73.24,55.19,3588,262791.00
57,57,,,45,1467,64,133.00,47.34,26.76,3590,169954.00
89,89,,,47,1510,64,100.00,34.76,17.35,4750,165119.00
408,408,,,71,249,64,247.00,85.72,59.86,2672,229041.00
613,613,,,92,1418,64,196.00,56.87,36.74,2703,153727.00
614,614,,,90,1204,64,233.00,92.27,59.90,2497,230403.00
131,131,,,51,1371,65,181.00,61.68,31.59,3161,194962.00
162,162,,,56,274,65,210.00,67.70,49.59,3966,268508.00
163,163,,,55,333,65,237.00,67.89,52.80,3716,252274.00
445,445,,,74,268,65,235.00,92.11,61.62,2733,251737.00
461,461,,,77,308,65,243.00,79.28,56.67,3396,269228.00
479,479,,,78,591,65,156.00,41.47,28.75,5590,231833.00
495,495,,,81,1375,65,191.00,71.00,40.96,3147,223432.00
606,606,,,91,1241,65,206.00,70.64,45.76,3121,220475.00
615,615,,,91,1364,65,188.00,63.15,41.13,3326,210053.00
119,119,,,51,1248,66,167.00,66.79,33.74,2878,192212.00
142,142,,,54,313,66,218.00,61.46,47.31,4208,258642.00
70,70,,,45,669,67,118.00,37.82,22.05,4702,177834.00
209,209,,,58,1434,67,142.00,50.01,27.11,2501,125082.00
318,318,,,65,264,67,230.00,112.43,46.38,2038,229124.00
366,366,,,69,220,67,234.00,70.01,49.98,3981,278695.00
536,536,,,82,1226,67,221.00,92.09,50.46,2785,256476.00
537,537,,,82,1252,67,227.00,89.15,47.77,2619,233483.00
538,538,,,83,1268,67,238.00,101.11,54.97,2403,242969.00
3,3,,,38,1258,68,143.00,53.47,30.10,4442,237508.00
121,121,,,50,1197,68,185.00,79.54,36.30,2655,211166.00
334,334,,,66,192,68,219.00,56.71,45.57,3520,199615.00
446,446,,,78,1398,68,252.00,97.37,55.21,3961,385684.00
24,24,,,41,1382,69,169.00,53.88,33.13,3980,214445.00
31,31,,,45,1179,69,167.00,74.56,39.02,2858,213087.00
132,132,,,52,1057,69,84.00,30.32,13.03,3909,118527.00
595,595,,,89,1025,69,173.00,46.82,32.37,4180,195708.00
164,164,,,53,1167,70,186.00,77.28,39.28,2658,205420.00
481,481,,,79,438,70,175.00,47.63,33.11,5269,250947.00
30,30,,,44,1348,71,153.00,56.55,33.01,3242,183323.00
111,111,,,51,1128,71,140.00,42.47,24.50,3966,168424.00
165,165,,,54,1152,71,139.00,52.70,25.92,3203,168806.00
232,232,,,60,237,71,222.00,61.30,48.95,4057,248712.00
480,480,,,78,1168,71,236.00,101.08,56.22,2397,242295.00
519,519,,,82,622,71,172.00,49.96,36.67,5612,280350.00
600,600,,,89,1450,71,204.00,63.75,44.68,3217,205099.00
25,25,,,41,1284,72,140.00,55.83,29.03,3085,172229.00
81,81,,,47,496,72,162.00,48.40,33.62,4536,219560.00
82,82,,,47,701,72,184.00,56.87,43.28,3889,221161.00
468,468,,,78,1151,72,178.00,61.70,37.90,3654,225465.00
560,560,,,86,1051,72,228.00,70.26,56.69,2894,203329.00
584,584,,,88,1427,72,204.00,73.59,46.89,3683,271032.00
616,616,,,92,1259,72,216.00,74.55,48.21,2936,218886.00
7,7,,,39,1190,73,162.00,59.63,35.31,3569,212828.00
15,15,,,42,1271,73,175.00,66.17,37.67,3438,227490.00
27,27,,,41,1364,73,155.00,55.61,32.60,3779,210154.00
179,179,,,56,1494,73,178.00,49.52,36.46,3873,191796.00
231,231,,,58,1416,73,181.00,63.68,37.20,4158,264796.00
554,554,,,85,768,73,228.00,66.31,50.31,3735,247659.00
608,608,,,90,1385,73,234.00,73.51,51.90,2714,199514.00
4,4,,,39,1204,74,150.00,57.16,32.54,3185,182040.00
9,9,,,39,1224,74,128.00,49.51,23.68,3936,194891.00
50,50,,,42,760,74,122.00,37.60,22.76,4596,172801.00
63,63,,,46,1419,74,169.00,59.43,34.61,4101,243736.00
112,112,,,51,737,74,187.00,53.36,44.31,4007,213822.00
180,180,,,56,1513,74,166.00,49.85,36.81,3924,195600.00
190,190,,,56,1535,74,146.00,40.28,27.25,4264,171742.00
351,351,,,66,285,74,199.00,68.12,43.72,2632,179291.00
424,424,,,74,1537,74,164.00,46.95,34.57,3988,187256.00
561,561,,,84,1213,74,195.00,81.05,42.62,2480,200995.00
39,39,,,42,870,75,110.00,37.19,21.16,4128,153507.00
144,144,,,54,380,75,195.00,59.29,41.71,4639,275040.00
301,301,,,64,330,75,227.00,94.17,52.15,2716,255774.00
447,447,,,75,1417,75,214.00,74.66,47.38,3124,233230.00
462,462,,,76,396,75,220.00,61.71,46.24,4221,260497.00
497,497,,,80,1129,75,162.00,51.76,33.24,4365,225938.00
38,38,,,41,963,76,112.00,38.01,21.55,3685,140049.00
49,49,,,46,1336,76,188.00,67.71,38.50,2966,200816.00
210,210,,,59,264,76,207.00,67.19,47.35,3683,247469.00
302,302,,,65,578,76,98.00,33.35,17.32,5976,199293.00
305,305,,,67,1106,76,175.00,60.83,37.85,3221,195927.00
375,375,,,70,255,76,211.00,68.14,48.08,3262,222272.00
409,409,,,75,1334,76,246.00,76.43,50.31,4016,306932.00
607,607,,,88,1335,76,231.00,92.86,53.48,2336,216918.00
618,618,,,91,1285,76,217.00,76.19,50.49,2864,218215.00
37,37,,,43,1160,77,146.00,55.04,30.43,3660,201454.00
167,167,,,58,712,77,211.00,56.56,39.94,8204,463991.00
181,181,,,56,1281,77,211.00,82.53,45.22,2414,199219.00
264,264,,,64,390,77,161.00,53.26,32.53,3896,207482.00
452,452,,,78,1450,77,184.00,62.92,37.37,2773,174465.00
470,470,,,75,331,77,239.00,86.95,59.58,3067,266674.00
609,609,,,90,1365,77,223.00,80.68,53.29,2520,203303.00
619,619,,,91,1226,77,184.00,66.70,40.50,2721,181489.00
10,10,,,40,1175,78,163.00,57.61,32.86,3309,190645.00
250,250,,,59,1334,78,205.00,69.04,42.81,3425,236458.00
335,335,,,70,733,78,224.00,59.62,44.64,7870,469216.00
482,482,,,78,712,78,249.00,77.92,60.88,3014,234855.00
498,498,,,79,502,78,202.00,53.33,41.32,4357,232378.00
610,610,,,90,1271,78,233.00,91.94,58.52,2286,210164.00
624,624,,,91,1113,78,134.00,41.84,23.44,4749,198714.00
123,123,,,53,673,79,191.00,51.09,37.31,4539,231888.00
469,469,,,79,1361,79,243.00,85.30,51.57,2705,230728.00
499,499,,,80,1241,79,200.00,92.78,44.49,2307,214054.00
628,628,,,91,1244,79,223.00,77.42,51.68,2851,220719.00
100,100,,,49,780,80,194.00,52.48,42.06,3443,180704.00
211,211,,,60,361,80,236.00,81.78,55.29,3266,267088.00
265,265,,,63,924,80,69.00,25.77,11.12,6209,160017.00
557,557,,,85,1413,80,208.00,76.38,48.00,2824,215687.00
586,586,,,88,1140,80,249.00,75.11,58.10,2922,219461.00
221,221,,,59,696,81,181.00,59.92,38.51,3583,214694.00
234,234,,,58,1253,81,194.00,93.63,40.92,2133,199720.00
339,339,,,68,374,81,251.00,75.16,55.17,3344,251322.00
574,574,,,88,1159,81,235.00,70.58,50.17,3121,220289.00
122,122,,,51,1315,82,183.00,65.08,36.88,2049,133342.00
146,146,,,52,1326,82,163.00,78.17,35.72,2111,165026.00
281,281,,,69,1095,82,195.00,61.48,45.18,3242,199326.00
524,524,,,84,919,82,159.00,43.55,30.47,4791,208627.00
611,611,,,90,1176,82,239.00,91.10,60.71,2242,204246.00
220,220,,,59,1116,83,210.00,68.00,46.34,3360,228480.00
394,394,,,71,750,83,187.00,58.61,41.99,3861,226308.00
395,395,,,74,1058,83,97.00,35.31,17.51,5350,188901.00
562,562,,,85,1307,83,212.00,67.45,44.24,2946,198720.00
93,93,,,50,1410,84,196.00,70.13,41.41,2847,199657.00
192,192,,,57,1007,84,80.00,26.81,12.10,6051,162223.00
306,306,,,66,1157,84,201.00,77.59,43.87,2791,216558.00
484,484,,,79,1203,84,217.00,96.07,49.18,2346,225384.00
556,556,,,84,1345,84,234.00,87.04,48.39,2216,192872.00
85,85,,,48,1062,85,135.00,39.24,24.01,5580,218959.00
113,113,,,50,818,85,157.00,46.73,33.91,4657,217622.00
169,169,,,55,752,85,186.00,51.03,38.52,4382,223594.00
352,352,,,66,320,85,215.00,64.84,46.38,3688,239120.00
398,398,,,72,703,85,214.00,64.10,45.45,3711,237892.00
526,526,,,83,877,85,199.00,54.66,41.75,3877,211909.00
124,124,,,52,1343,86,194.00,65.49,37.94,2663,174405.00
236,236,,,63,1104,86,224.00,74.37,50.28,3180,236493.00
322,322,,,64,1551,86,160.00,46.43,32.28,2958,137349.00
483,483,,,79,635,86,195.00,55.55,44.40,4198,233184.00
485,485,,,79,1178,86,223.00,97.74,49.55,2401,234665.00
254,254,,,61,477,87,228.00,62.32,51.36,4260,265479.00
255,255,,,60,457,87,245.00,74.99,57.15,3489,261630.00
385,385,,,71,614,87,233.00,60.12,46.75,3964,238301.00
472,472,,,78,992,87,231.00,62.91,51.02,3452,217171.00
544,544,,,82,1441,87,141.00,50.99,26.54,3865,197060.00
84,84,,,46,1367,88,131.00,56.83,24.11,1502,85357.00
105,105,,,47,1299,88,128.00,44.21,22.24,3635,160715.00
134,134,,,53,1177,88,178.00,71.43,37.21,2675,191068.00
413,413,,,77,1024,88,222.00,65.18,52.07,3608,235177.00
510,510,,,81,1330,88,243.00,95.52,54.03,2330,222567.00
545,545,,,80,1191,88,222.00,87.76,46.48,2200,193063.00
237,237,,,60,665,89,229.00,67.89,51.31,3454,234503.00
266,266,,,61,519,89,249.00,80.24,62.28,2761,221529.00
564,564,,,86,1370,89,183.00,58.68,32.88,3026,177580.00
238,238,,,59,584,90,237.00,63.07,51.85,3904,246237.00
86,86,,,48,1129,91,155.00,46.91,33.90,4102,192411.00
370,370,,,70,1429,91,217.00,62.98,41.80,3464,218179.00
387,387,,,71,782,91,198.00,56.93,43.95,4096,233181.00
397,397,,,72,847,91,188.00,57.14,42.11,3284,187657.00
147,147,,,54,871,92,175.00,50.58,37.50,3464,175199.00
239,239,,,59,608,92,223.00,70.56,54.81,3312,233685.00
267,267,,,60,735,92,231.00,66.82,53.96,3124,208736.00
428,428,,,75,951,92,234.00,55.80,41.55,3301,184206.00
193,193,,,55,1421,93,147.00,51.00,27.87,3604,183796.00
268,268,,,61,766,93,207.00,57.76,46.21,3726,215222.00
389,389,,,72,899,93,186.00,54.66,41.59,3813,208430.00
500,500,,,81,1141,93,223.00,65.04,48.28,3306,215015.00
222,222,,,58,832,94,206.00,56.52,46.76,4337,245138.00
388,388,,,71,1014,94,180.00,52.80,38.41,3284,173392.00
511,511,,,80,1161,94,216.00,67.11,40.89,2401,161128.00
148,148,,,54,1108,95,172.00,54.21,36.27,3593,194787.00
241,241,,,59,1039,96,198.00,54.88,43.08,3279,179966.00
283,283,,,65,1300,96,179.00,60.74,40.55,3498,212472.00
294,294,,,62,1246,96,199.00,79.39,40.98,2531,200927.00
240,240,,,59,853,97,220.00,64.26,51.91,2917,187461.00
242,242,,,60,925,97,184.00,49.51,40.58,4264,211126.00
257,257,,,60,1059,97,184.00,52.02,39.12,3471,180573.00
258,258,,,61,947,97,216.00,57.59,46.77,3331,191841.00
414,414,,,71,1152,97,234.00,89.96,50.73,2341,210586.00
440,440,,,75,1220,97,175.00,63.28,37.62,2937,185851.00
293,293,,,62,1351,98,187.00,64.00,40.18,2962,189558.00
341,341,,,66,1390,98,133.00,48.49,23.85,3489,169190.00
171,171,,,53,1199,99,157.00,67.82,32.70,1226,83147.00
270,270,,,60,1178,99,197.00,83.71,43.94,2346,196377.00
271,271,,,62,1129,101,187.00,55.66,39.02,3951,219922.00
284,284,,,63,1111,101,179.00,64.77,42.79,3347,216781.00
309,309,,,63,1268,102,159.00,56.39,34.31,3244,182924.00
636,636,,,88,1176,70,27.00, 3.76, 2.53,1413,5314.00
637,637,,,89,1200,79,30.00, 2.68, 2.63,1413,3793.00
638,638,,,88,1190,73,25.00, 3.07, 2.69,1413,4333.00
639,639,,,91,1217,58,168.00,65.99,41.15,3273,215981.00
640,640,,,90,1249,52,15.00, 2.55, 2.63,1413,3610.00
641,641,,,80,1259,53,15.00, 2.64, 2.52,1413,3731.00
642,642,,,81,1278,55,17.00, 2.39, 2.15,1413,3384.00
643,643,,,75,1281,47,14.00, 2.46, 2.00,1413,3472.00
644,644,,,80,1278,74,12.00, 2.95, 2.30,1413,4166.00
645,645,,,74,1282,81,13.00, 2.78, 1.95,1413,3933.00
646,646,,,81,1199,69,30.00, 2.87, 2.90,1413,4059.00
647,647,,,43,1180,58,14.00, 2.81, 2.19,1413,3966.00
648,648,,,40,1242,76,30.00, 2.69, 2.62,1413,3803.00
649,649,,,47,1189,56,24.00, 3.06, 2.68,1413,4322.00
650,650,,,45,1257,55,19.00, 2.89, 2.81,1413,4082.00
651,651,,,44,1238,45,19.00, 2.33, 2.40,1413,3294.00
652,652,,,48,1208,41,13.00, 2.12, 2.02,1413,2990.00
653,653,,,47,1268,43,15.00, 2.13, 2.35,1413,3009.00
654,654,,,54,1261,49,20.00, 2.51, 2.60,1413,3541.00
655,655,,,53,1277,50,15.00, 2.41, 2.11,1413,3404.00
656,656,,,56,1273,38,12.00, 2.28, 2.03,1413,3224.00
657,657,,,61,1278,47,10.00, 2.31, 1.87,1413,3268.00
658,658,,,54,1277,67,15.00, 2.81, 2.11,1413,3971.00
659,659,,,51,1268,62,18.00, 2.65, 2.30,1413,3742.00
660,660,,,55,1210,51,12.00, 2.42, 1.99,1413,3414.00
661,661,,,55,1197,40,16.00, 2.58, 2.48,1413,3645.00
662,662,,,61,1210,43,13.00, 2.19, 1.94,1413,3094.00
663,663,,,64,1145,105,12.00, 2.49, 2.30,1413,3525.00
664,664,,,60,1149,97,12.00, 2.36, 2.21,1413,3333.00
665,665,,,66,1165,98,12.00, 2.03, 1.83,1413,2866.00
666,666,,,57,1163,97, 9.00, 2.19, 1.80,1413,3098.00
667,667,,,73,1170,96,12.00, 2.24, 1.98,1413,3165.00
668,668,,,70,1186,98,13.00, 2.41, 2.13,1413,3400.00
669,669,,,62,1191,102,14.00, 2.20, 2.04,1413,3105.00
670,670,,,62,1233,102,161.00,54.62,32.44,3421,186847.00
671,671,,,61,1207,89,14.00, 3.21, 2.39,2103,6743.00
672,672,,,60,1190,88,19.00, 2.84, 2.50,1413,4011.00
673,673,,,49,1188,84,14.00, 2.51, 2.17,1413,3549.00
674,674,,,70,1197,89,18.00, 3.00, 2.82,1413,4241.00
675,675,,,51,1247,92,19.00, 2.33, 2.50,1413,3287.00
676,676,,,48,1260,90,15.00, 2.29, 2.36,1413,3231.00
677,677,,,48,1273,87,15.00, 2.50, 2.12,1413,3539.00
678,678,,,57,1269,85,12.00, 2.69, 2.06,1413,3802.00
679,679,,,58,1237,84,17.00, 3.02, 2.45,1413,4265.00
680,680,,,48,1230,89,18.00, 3.26, 2.62,1413,4606.00
681,681,,,47,1241,79,17.00, 3.15, 2.66,1413,4450.00
682,682,,,51,1262,76,17.00, 3.27, 2.57,1413,4623.00
683,683,EXC DUCT,*FIX*,52,1217,77,135.00,60.44,27.49,2954,178527.00
684,684,,,76,1240,92,17.00, 3.08, 2.91,1413,4355.00
685,685,,,78,1255,93,14.00, 2.66, 2.39,1413,3754.00
686,686,,,79,1272,91,15.00, 2.58, 2.04,1413,3642.00
687,687,,,74,1268,86,15.00, 2.55, 2.12,1413,3598.00
688,688,,,68,1255,87,15.00, 2.61, 2.38,1413,3684.00
689,689,,,67,1238,86,19.00, 3.07, 2.71,1413,4332.00
690,690,,,75,1253,80,15.00, 2.73, 2.53,1413,3858.00
691,691,,,81,1261,82,20.00, 2.96, 2.54,1413,4180.00
692,692,,,66,1267,85,13.00, 2.59, 2.11,1413,3654.00
693,693,,,96,1323,67,17.00, 2.47, 2.37,3065,7572.00
694,694,,,91,1343,61,14.00, 2.47, 2.33,1413,3493.00
695,695,,,87,1348,73,16.00, 2.97, 2.51,1413,4191.00
696,696,,,89,1317,75,19.00, 2.31, 2.23,1413,3268.00
697,697,,,83,1325,77,18.00, 2.53, 2.36,1413,3572.00
698,698,,,76,1345,93,40.00, 2.39, 2.62,1413,3382.00
699,699,,,71,1326,93,11.00, 1.90, 1.82,1413,2686.00
700,700,,,89,1402,74,16.00, 3.48, 2.39,1413,4912.00
701,701,,,85,1396,82,13.00, 2.82, 2.22,1413,3990.00
702,702,,,90,1469,61,217.00,59.35,42.80,3545,210382.00
703,703,,,85,1401,51,31.00, 3.32, 2.67,1413,4688.00
704,704,,,92,1390,55,27.00, 4.77, 3.67,1413,6744.00
705,705,,,79,1390,35,193.00,70.40,42.26,3119,219576.00
706,706,,,87,1315,64,19.00, 2.81, 2.39,1413,3967.00
707,707,,,84,1343,58,13.00, 2.42, 2.31,1413,3418.00
708,708,,,84,1340,46,12.00, 2.06, 2.18,1413,2913.00
709,709,,,78,1326,43,15.00, 2.54, 2.33,1413,3588.00
710,710,,,74,1337,44,23.00, 2.65, 2.65,1413,3742.00
711,711,,,74,1316,36,13.00, 2.59, 2.02,1413,3660.00
712,712,,,40,1308,68,12.00, 1.90, 1.92,2103,3990.00
713,713,,,45,1324,68,17.00, 2.18, 2.22,1413,3077.00
714,714,,,60,1330,93,13.00, 2.19, 2.27,1413,3094.00
715,715,,,63,1314,92,20.00, 2.43, 1.93,1413,3432.00
716,716,,,69,1340,93,40.00, 2.28, 2.61,1413,3222.00
717,717,,,46,1400,74,15.00, 3.15, 2.35,1413,4457.00
718,718,ILsHL,*FIX*,49,1395,83,14.00, 2.66, 2.28,1413,3760.00
719,719,AMsOL,*FIX*,46,1435,53,14.00, 2.75, 2.38,1413,3885.00
720,720,ARCpDL,*FIX*,55,1433,50,21.00, 3.64, 2.72,1413,5149.00
721,721,,,51,1409,49,175.00,59.78,36.12,3371,201513.00
722,722,,,51,1314,64,24.00, 2.60, 2.35,1413,3667.00
723,723,,,51,1327,61,24.00, 2.33, 2.51,1413,3287.00
724,724,,,51,1340,56,19.00, 2.11, 2.33,1413,2975.00
725,725,,,43,1339,61,16.00, 2.01, 2.52,1413,2844.00
726,726,,,54,1337,44,18.00, 2.44, 2.57,1413,3445.00
727,727,,,56,1350,37,169.00,61.23,36.32,3781,231514.00
728,728,,,62,1331,42,20.00, 2.89, 2.75,1413,4080.00
729,729,,,62,1319,38,13.00, 2.77, 2.08,1413,3909.00
730,730,,,62,1597,78,152.00,44.56,29.39,3213,143181.00
731,731,,,86,1495,65,136.00,41.01,22.20,4122,169061.00
732,732,,,63,1522,86,17.00, 2.48, 2.34,1413,3510.00
734,734,,,70,1504,89,135.00,19.61,26.85,2345,45978.00
735,735,,,64,1493,89,13.00, 2.77, 2.33,1413,3907.00
737,737,,,72,1474,89,187.00,37.66,42.36,3241,122062.00
738,738,,,63,1471,89,18.00, 3.22, 2.86,1413,4555.00
739,739,,,63,1446,91,22.00, 2.74, 2.37,1413,3869.00
740,740,,,72,1455,91,21.00, 2.57, 2.40,1413,3635.00
741,741,,,67,1307,105,158.00,53.31,27.58,2339,124688.00
742,742,hyp7V1,*FIX*,66,1330,103,13.00, 2.14, 2.13,1413,3020.00
743,743,,,67,1466,96,15.00, 2.29, 2.28,1413,3240.00
744,744,,,74,1449,39,18.00, 2.31, 2.25,1413,3260.00
745,745,,,60,1459,41,211.00,76.78,44.32,3150,241854.00
746,746,,,66,1350,25,128.00,48.00,22.45,3870,185742.00
747,747,,,66,1445,33,161.00,56.48,31.89,3374,190568.00
748,748,,,74,1469,38,12.00, 2.00, 2.03,1413,2827.00
750,750,,,67,1459,33,146.00,24.01,35.58,2265,54379.00
751,751,,,55,1359,80,14.00, 2.72, 2.28,1413,3843.00
752,752,,,66,1376,45,14.00, 2.88, 2.40,1413,4068.00
754,754,,,75,1380,48,179.00,33.08,46.28,2311,76440.00
755,755,,,76,1369,87,167.00,67.59,33.39,3405,230134.00
756,756,,,62,1367,86,168.00,62.08,31.63,3066,190335.00
757,757,,,58,1373,48,14.00, 2.37, 2.21,1413,3348.00
758,758,,,52,1375,80,25.00, 3.04, 2.47,1413,4298.00
759,759,,,59,1380,74,18.00, 3.71, 2.60,1413,5247.00
760,760,,,75,1384,74,12.00, 3.48, 2.38,1413,4911.00
761,761,,,82,1378,80,15.00, 2.66, 2.24,1413,3755.00
762,762,,,73,1396,53,26.00, 8.38, 4.60,1413,11841.00
763,763,,,67,1391,48,26.00, 5.47, 3.44,1413,7723.00
765,765,,,57,1394,65,192.00,40.83,43.37,3473,141813.00
766,766,,,61,1396,80,17.00, 5.10, 2.60,1413,7205.00
767,767,,,67,1393,82,17.00, 5.81, 2.70,1413,8205.00
768,768,,,75,1397,78,16.00, 4.19, 2.58,1413,5926.00
770,770,,,78,1385,57,144.00,28.97,29.71,2174,62970.00
771,771,,,70,1428,48,27.00, 3.62, 2.89,1413,5108.00
772,772,,,74,1447,54,20.00, 4.39, 2.81,2103,9242.00
773,773,,,79,1428,70,184.00,58.88,35.12,3537,208257.00
774,774,,,56,1448,73,29.00, 3.41, 2.71,1413,4822.00
775,775,,,67,1462,51,26.00, 4.05, 2.91,1413,5723.00
776,776,,,71,1465,48,32.00, 2.91, 2.71,1413,4107.00
777,777,,,57,1476,73,26.00, 4.82, 3.24,1413,6805.00
778,778,,,80,1483,75,23.00, 3.83, 2.82,1413,5406.00
779,779,,,73,1470,77,21.00, 4.94, 3.16,1413,6979.00
780,780,,,61,1465,77,19.00, 4.94, 3.01,1413,6981.00
781,781,,,65,1534,47,132.00,41.76,24.74,3444,143814.00
782,782,,,78,1506,74,20.00, 2.32, 2.24,1413,3285.00
783,783,,,76,1515,74,17.00, 2.37, 2.24,1413,3348.00
784,784,,,64,118,62, 9.00, 1.24, 1.53,1413,1758.00
785,785,,,66,129,68,10.00, 1.17, 1.51,1413,1656.00
786,786,,,66,207,77,194.00,60.39,44.05,3611,218066.00
787,787,,,62,159,58,27.00, 1.61, 2.17,1413,2270.00
788,788,,,66,165,66,12.00, 1.55, 1.68,1413,2185.00
789,789,,,77,290,63,16.00, 2.52, 2.42,1413,3560.00
790,790,,,75,294,71,16.00, 2.48, 2.19,1413,3505.00
791,791,,,66,323,46,244.00,87.54,56.85,2731,239077.00
792,792,,,59,310,50,30.00, 6.12, 3.95,1413,8643.00
793,793,,,54,294,62,19.00, 2.54, 2.36,1413,3586.00
794,794,,,57,296,71,15.00, 2.88, 2.27,1413,4066.00
795,795,,,55,352,67,15.00, 2.45, 2.37,1413,3456.00
796,796,,,60,343,82,20.00, 2.69, 2.84,1413,3806.00
797,797,,,66,346,77,18.00, 3.09, 2.93,1413,4364.00
798,798,,,74,353,77,19.00, 3.22, 2.96,1413,4551.00
799,799,,,93,1165,59,158.00,49.65,28.11,2758,136943.00
801,801,,,50,1128,52,23.00, 2.33, 2.26,1413,3299.00
803,803,,,39,1113,52,82.00,22.21,18.01,4250,94413.00
804,804,,,90,1085,60,145.00,40.40,24.17,5177,209134.00
805,805,,,90,971,60,140.00,34.84,22.04,6107,212795.00
806,806,,,87,966,85,193.00,58.06,42.42,3582,207989.00
807,807,,,85,862,67,133.00,38.18,24.69,5307,202645.00
808,808,,,85,830,82,163.00,44.31,30.40,5000,221569.00
809,809,,,82,766,87,169.00,55.37,37.70,4253,235489.00
810,810,,,87,725,60,155.00,38.82,25.30,5764,223787.00
811,811,,,85,677,79,172.00,47.92,32.89,5140,246315.00
812,812,,,86,613,53,157.00,40.93,27.50,5262,215374.00
814,814,,,80,533,72,184.00,50.57,34.55,4924,249017.00
815,815,,,81,371,71,205.00,55.39,38.39,3994,221237.00
816,816,,,74,318,53,27.00, 6.76, 3.57,1413,9557.00
819,819,,,80,314,49,171.00,32.62,32.78,3469,113168.00
820,820,H2L,*FIX*,38,1155,63,94.00,39.49,15.63,4062,160421.00
821,821,,,39,1084,58,80.00,28.44,12.35,4729,134508.00
822,822,hyp7ABLV,*FIX*,39,1061,60,76.00,25.60,11.48,5212,133402.00
823,823,,,43,927,84,142.00,41.68,27.65,4441,185098.00
825,825,,,42,967,44,78.00,24.87,10.63,5159,128316.00
826,826,,,42,911,69,105.00,32.10,15.32,4510,144767.00
827,827,,,43,808,73,95.00,33.97,16.61,4511,153248.00
828,828,,,43,768,45,91.00,29.04,14.14,5261,152763.00
829,829,,,45,612,77,157.00,40.35,24.72,4801,193697.00
830,830,,,45,633,50,139.00,32.09,17.40,6272,201246.00
831,831,,,45,523,66,160.00,43.63,26.50,5418,236402.00
832,832,,,45,431,69,140.00,40.39,25.88,5407,218363.00
834,834,,,46,360,72,108.00,10.79,19.32,2700,29130.00
836,836,,,52,301,48,148.00,20.97,27.95,3570,74849.00
837,837,,,84,1485,51,156.00,46.59,28.48,4136,192707.00
838,838,,,84,1446,40,156.00,56.11,32.37,2039,114403.00
839,839,DR4,*FIX*,90,1391,44,164.00,62.02,34.46,3448,213851.00
841,841,,,82,1339,36,191.00,34.26,41.38,2599,89037.00
842,842,,,78,1211,30,194.00,67.72,36.12,3854,260990.00
843,843,,,81,1175,32,206.00,71.49,44.23,3554,254090.00
844,844,,,81,1129,29,175.00,51.71,36.54,4244,219466.00
845,845,,,84,1088,36,217.00,56.90,41.38,4217,239954.00
846,846,,,75,1038,26,188.00,52.57,41.74,4382,230355.00
847,847,,,81,983,37,208.00,54.49,40.78,4468,243460.00
849,849,,,78,935,35,174.00,26.97,35.60,2957,79753.00
850,850,,,81,806,40,211.00,56.71,44.16,3945,223731.00
851,851,,,78,587,40,243.00,63.51,49.26,3852,244659.00
852,852,,,72,304,41,216.00,69.94,45.21,3845,268925.00
853,853,,,62,240,48,196.00,61.12,44.55,3518,215031.00
854,854,,,57,408,40,201.00,54.95,42.77,4381,240751.00
855,855,,,57,484,36,207.00,58.80,45.97,4749,279254.00
856,856,,,57,559,37,196.00,57.40,43.68,3999,229531.00
857,857,,,57,635,32,207.00,53.81,41.29,4239,228099.00
858,858,,,57,742,32,189.00,55.06,39.56,4087,225037.00
859,859,,,56,955,33,158.00,45.70,31.33,4534,207226.00
861,861,,,48,1086,34,103.00,16.55,22.23,2323,38435.00
862,862,,,54,1170,27,140.00,46.04,26.92,4242,195320.00
864,864,,,62,1208,28,176.00,40.02,41.53,3391,135703.00
866,866,,,70,1181,33,172.00,21.83,36.19,1964,42871.00
867,867,,,54,1306,31,155.00,55.18,28.03,3720,205264.00
868,868,,,52,1408,33,154.00,51.04,27.02,3591,183290.00
869,869,,,52,1455,40,136.00,52.62,26.57,3236,170276.00
870,870,,,52,1476,47,140.00,47.10,23.25,4128,194433.00
871,871,,,49,1465,77,20.00, 3.30, 2.75,1413,4668.00
872,872,,,52,1454,87,15.00, 2.92, 2.42,1413,4124.00
874,874,,,62,1205,102,13.00, 2.13, 1.96,1413,3012.00
875,875,,,49,1156,94, 9.00, 2.01, 1.81,1413,2840.00
876,876,,,55,555,84,183.00,53.39,38.89,4289,228995.00
877,877,,,55,436,82,203.00,58.18,41.72,4271,248500.00
878,878,,,73,439,82,232.00,62.86,46.39,4234,266158.00
879,879,,,73,536,87,218.00,57.23,44.02,4503,257717.00
880,880,,,79,1092,92,159.00,49.45,32.27,3713,183626.00
881,881,,,78,1126,97,190.00,56.24,36.48,3691,207567.00
882,882,,,86,1290,88,177.00,58.25,33.68,3023,176076.00
883,883,,,75,1315,91,13.00, 2.35, 1.87,1413,3323.00
885,885,,,80,1325,97,168.00,27.95,37.65,2412,67422.00
886,886,,,78,1408,95,172.00,58.16,34.41,3203,186284.00
887,887,,,85,1464,83,21.00, 2.92, 2.70,1413,4125.00
888,888,,,74,1040,44,147.00,37.81,20.87,5742,217097.00
889,889,,,68,829,79,72.00,28.03,12.55,5889,165080.00
890,890,,,57,712,43,79.00,29.18,13.18,6049,176528.00
891,891,,,73,664,70,111.00,35.24,17.63,6396,225412.00
892,892,,,63,480,74,114.00,39.60,21.34,5108,202252.00
893,893,,,56,429,50,106.00,41.91,23.16,3585,150252.00
894,894,,,55,375,45,151.00,48.42,29.15,4765,230742.00
895,895,,,54,989,94,12.00, 1.43, 1.74,1413,2020.00
896,896,,,62,988,97,11.00, 1.65, 1.94,1413,2338.00
897,897,,,66,1131,37,178.00,51.26,33.84,4555,233508.00
898,898,,,60,1182,47,20.00, 5.46, 2.98,1413,7721.00
899,899,,,62,1173,77,25.00, 2.85, 2.09,1413,4020.00
900,900,,,71,1172,78,13.00, 3.14, 2.23,1413,4434.00
901,901,,,73,1182,47,22.00, 4.61, 2.96,1413,6513.00
902,902,,,60,1193,59,148.00,62.04,25.53,3744,232260.00
903,903,,,66,1203,77,181.00,62.25,29.69,3635,226281.00
904,904,,,59,346,50,210.00,66.28,45.92,3529,233908.00
905,905,,,46,1439,72,15.00, 3.41, 2.67,1413,4814.00
906,906,,,73,1224,86,16.00, 3.81, 2.73,1413,5390.00
907,907,,,82,1227,87,23.00, 4.08, 3.15,1413,5764.00
908,908,,,75,1116,83,11.00, 2.34, 2.04,1413,3310.00
909,909,,,70,1130,80,123.00,42.88,24.53,1850,79336.00
910,910,,,54,1321,95,15.00, 2.30, 2.09,1413,3244.00
911,911,,,53,1242,51,17.00, 2.77, 2.63,1413,3913.00
912,912,,,58,1228,49,17.00, 3.77, 2.66,1413,5331.00
913,913,,,50,1223,42,11.00, 2.52, 2.07,1413,3561.00
914,914,F1,*MANUAL*,66,1412,62,19.00, 4.84, 3.21,1413,6841.00
915,915,F2,*MANUAL*,66,1377,62,24.00, 4.19, 2.80,1413,5923.00
916,916,F3,*MANUAL*,64,1219,62,14.00, 2.81, 2.12,1413,3971.00
917,917,F4,*MANUAL*,63,1162,62,26.00, 3.08, 2.29,1413,4356.00
918,918,F5,*MANUAL*,67,927,64,13.00, 1.95, 1.78,1413,2753.00
919,919,F6,*MANUAL*,67,841,63,14.00, 2.48, 2.29,1413,3506.00
920,920,F7,*MANUAL*,66,1464,59,21.00, 4.13, 2.80,1413,5833.00
921,921,F8,*MANUAL*,68,1313,59,17.00, 2.95, 2.19,1413,4163.00
922,922,F9,*MANUAL*,64,562,59,21.00, 2.51, 2.59,1413,3540.00
923,923,F10,*MANUAL*,64,304,79,18.00, 4.14, 2.81,1413,5844.00
415,415,*NOUSE*,*NOUSE*,67,1248,23,91.00,48.74,16.79,72,3509.00
272,272,*NOUSE*,*NOUSE*,60,1206,26,176.00,60.21,34.05,949,57136.00
360,360,*NOUSE*,*NOUSE*,68,1354,27,125.00,46.14,23.56,1624,74926.00
172,172,*NOUSE*,*NOUSE*,54,1169,28,121.00,44.53,24.33,1222,54411.00
391,391,*NOUSE*,*NOUSE*,73,1039,28,147.00,45.16,35.61,1693,76449.00
361,361,*NOUSE*,*NOUSE*,68,1343,29,128.00,49.34,21.51,2246,110816.00
399,399,*NOUSE*,*NOUSE*,74,1029,29,188.00,57.24,44.55,2689,153906.00
502,502,*NOUSE*,*NOUSE*,79,1127,29,166.00,51.30,35.40,1949,99984.00
127,127,*NOUSE*,*NOUSE*,52,1157,30,140.00,46.66,27.88,3020,140909.00
259,259,*NOUSE*,*NOUSE*,61,1202,30,164.00,73.29,34.10,1029,75416.00
378,378,*NOUSE*,*NOUSE*,68,1461,30,146.00,60.86,34.38,852,51852.00
430,430,*NOUSE*,*NOUSE*,76,1205,30,194.00,71.83,38.57,2272,163195.00
442,442,*NOUSE*,*NOUSE*,76,1214,30,165.00,61.82,31.36,1582,97795.00
503,503,*NOUSE*,*NOUSE*,80,1140,30,175.00,52.06,37.47,2295,119482.00
214,214,*NOUSE*,*NOUSE*,57,744,31,146.00,51.68,34.65,1487,76852.00
215,215,*NOUSE*,*NOUSE*,56,1329,31,128.00,51.36,25.94,892,45814.00
400,400,*NOUSE*,*NOUSE*,71,1182,31,172.00,71.54,34.85,551,39419.00
106,106,*NOUSE*,*NOUSE*,49,1088,32,103.00,39.31,20.01,910,35775.00
150,150,*NOUSE*,*NOUSE*,54,945,32,158.00,45.72,30.98,2379,108756.00
200,200,*NOUSE*,*NOUSE*,55,1315,32,155.00,57.29,30.75,1428,81805.00
260,260,*NOUSE*,*NOUSE*,67,1192,32,227.00,83.37,43.91,4516,376486.00
345,345,*NOUSE*,*NOUSE*,65,1446,32,134.00,51.34,27.56,723,37116.00
528,528,*NOUSE*,*NOUSE*,81,1186,32,206.00,77.19,46.71,2350,181402.00
87,87,*NOUSE*,*NOUSE*,50,1100,33,134.00,43.54,26.52,4736,206224.00
151,151,*NOUSE*,*NOUSE*,54,956,33,133.00,45.69,31.72,2155,98470.00
199,199,*NOUSE*,*NOUSE*,57,752,33,189.00,56.99,41.99,2600,148185.00
514,514,*NOUSE*,*NOUSE*,81,1176,33,166.00,60.37,36.45,1204,72688.00
202,202,*NOUSE*,*NOUSE*,58,646,34,207.00,57.40,44.20,3064,175862.00
216,216,*NOUSE*,*NOUSE*,56,1305,34,131.00,55.46,26.10,1400,77645.00
223,223,*NOUSE*,*NOUSE*,57,635,34,143.00,44.46,30.56,1175,52237.00
325,325,*NOUSE*,*NOUSE*,67,1132,34,178.00,52.73,35.14,3072,161980.00
512,512,*NOUSE*,*NOUSE*,81,1088,34,174.00,51.44,35.53,1637,84202.00
546,546,*NOUSE*,*NOUSE*,82,1337,34,191.00,72.45,32.62,1186,85924.00
186,186,*NOUSE*,*NOUSE*,55,1409,35,134.00,49.68,23.61,1491,74076.00
344,344,*NOUSE*,*NOUSE*,67,1437,35,161.00,57.88,32.83,2651,153452.00
173,173,*NOUSE*,*NOUSE*,54,1418,36,154.00,52.01,29.16,2100,109214.00
372,372,*NOUSE*,*NOUSE*,77,922,36,222.00,52.55,42.28,4134,217239.00
401,401,*NOUSE*,*NOUSE*,68,1148,36,136.00,53.26,31.53,210,11184.00
475,475,*NOUSE*,*NOUSE*,79,932,36,174.00,49.94,36.33,1544,77105.00
513,513,*NOUSE*,*NOUSE*,83,1098,36,217.00,60.37,44.35,2580,155752.00
203,203,*NOUSE*,*NOUSE*,56,1358,37,157.00,59.89,34.71,1728,103483.00
243,243,*NOUSE*,*NOUSE*,68,1318,37,211.00,86.10,48.44,6380,549344.00
371,371,*NOUSE*,*NOUSE*,73,1469,37,222.00,74.92,45.68,4109,307832.00
465,465,*NOUSE*,*NOUSE*,77,1400,37,193.00,74.24,44.39,1959,145440.00
108,108,*NOUSE*,*NOUSE*,55,494,38,207.00,58.57,46.96,2439,142854.00
175,175,*NOUSE*,*NOUSE*,56,1349,38,169.00,62.36,37.59,2053,128031.00
187,187,*NOUSE*,*NOUSE*,57,569,38,196.00,59.80,45.60,2757,164856.00
204,204,*NOUSE*,*NOUSE*,57,560,38,166.00,52.07,38.56,1242,64675.00
476,476,*NOUSE*,*NOUSE*,78,1391,38,170.00,63.91,37.51,1160,74136.00
96,96,*NOUSE*,*NOUSE*,54,1273,39,216.00,92.83,48.71,3289,305317.00
174,174,*NOUSE*,*NOUSE*,56,484,39,205.00,59.05,44.91,2310,136400.00
245,245,*NOUSE*,*NOUSE*,59,718,39,56.00,25.73, 9.83,420,10806.00
273,273,*NOUSE*,*NOUSE*,62,1464,39,211.00,79.66,46.05,2387,190144.00
547,547,*NOUSE*,*NOUSE*,83,972,39,208.00,56.42,43.03,2860,161362.00
548,548,*NOUSE*,*NOUSE*,84,982,39,161.00,51.06,36.17,1608,82098.00
188,188,*NOUSE*,*NOUSE*,54,1455,40,118.00,49.91,23.45,588,29346.00
402,402,*NOUSE*,*NOUSE*,76,1449,40,200.00,73.31,42.02,3854,282554.00
403,403,*NOUSE*,*NOUSE*,67,623,40,56.00,24.54,10.37,157,3852.00
75,75,*NOUSE*,*NOUSE*,52,1202,41,212.00,88.78,44.69,5360,475886.00
153,153,*NOUSE*,*NOUSE*,54,1446,41,136.00,53.22,27.18,2648,140930.00
443,443,*NOUSE*,*NOUSE*,75,595,41,243.00,68.24,52.18,2690,183557.00
457,457,*NOUSE*,*NOUSE*,77,585,41,174.00,52.58,39.64,1162,61102.00
504,504,*NOUSE*,*NOUSE*,80,817,41,211.00,59.03,46.95,2665,157313.00
296,296,*NOUSE*,*NOUSE*,62,1457,42,186.00,67.77,37.01,763,51710.00
346,346,*NOUSE*,*NOUSE*,67,1132,42,149.00,48.23,30.76,1483,71528.00
478,478,*NOUSE*,*NOUSE*,79,1325,42,223.00,97.31,47.70,3394,330280.00
515,515,*NOUSE*,*NOUSE*,81,807,42,153.00,51.89,37.22,1280,66418.00
558,558,*NOUSE*,*NOUSE*,84,1458,42,156.00,58.01,32.76,1110,64390.00
597,597,*NOUSE*,*NOUSE*,84,1466,42,118.00,47.19,27.86,297,14015.00
66,66,*NOUSE*,*NOUSE*,43,958,43,50.00,22.03, 8.73,472,10398.00
136,136,*NOUSE*,*NOUSE*,53,420,43,201.00,56.29,44.54,3092,174060.00
137,137,*NOUSE*,*NOUSE*,52,409,43,177.00,51.74,37.99,1289,66691.00
217,217,*NOUSE*,*NOUSE*,62,373,43,151.00,49.58,30.20,3938,195236.00
225,225,*NOUSE*,*NOUSE*,57,729,43,79.00,30.15,13.75,2566,77354.00
458,458,*NOUSE*,*NOUSE*,78,1040,43,112.00,39.01,21.48,2146,83705.00
459,459,*NOUSE*,*NOUSE*,79,1051,43,147.00,37.09,20.46,3596,133392.00
589,589,*NOUSE*,*NOUSE*,84,1445,43,151.00,56.96,32.95,632,35998.00
156,156,*NOUSE*,*NOUSE*,58,1334,44,227.00,90.79,49.63,5963,541378.00
189,189,*NOUSE*,*NOUSE*,50,303,44,84.00,33.45,15.68,56,1873.00
417,417,*NOUSE*,*NOUSE*,73,313,44,201.00,69.17,41.22,1078,74570.00
588,588,*NOUSE*,*NOUSE*,82,656,44,103.00,40.75,22.25,69,2812.00
95,95,*NOUSE*,*NOUSE*,54,1225,45,191.00,80.14,39.37,5895,472445.00
286,286,*NOUSE*,*NOUSE*,64,324,45,244.00,86.25,57.91,2462,212346.00
392,392,*NOUSE*,*NOUSE*,77,1338,45,243.00,97.68,54.34,6351,620379.00
587,587,*NOUSE*,*NOUSE*,88,1378,45,164.00,65.15,36.04,2660,173298.00
601,601,*NOUSE*,*NOUSE*,89,1389,45,141.00,51.46,25.85,788,40553.00
226,226,*NOUSE*,*NOUSE*,55,369,46,103.00,42.93,22.76,827,35506.00
374,374,*NOUSE*,*NOUSE*,70,434,46,197.00,51.78,35.31,1872,96924.00
380,380,*NOUSE*,*NOUSE*,72,303,46,216.00,70.24,46.67,2767,194355.00
404,404,*NOUSE*,*NOUSE*,66,1098,46,127.00,69.08,33.00,143,9879.00
419,419,*NOUSE*,*NOUSE*,68,317,46,200.00,99.37,44.31,269,26731.00
159,159,*NOUSE*,*NOUSE*,58,1210,47,185.00,86.20,39.74,5918,510126.00
328,328,*NOUSE*,*NOUSE*,65,1529,47,132.00,42.78,25.74,2764,118250.00
348,348,*NOUSE*,*NOUSE*,64,1543,47,98.00,37.59,19.61,680,25564.00
420,420,*NOUSE*,*NOUSE*,70,1446,47,116.00,63.08,22.73,106,6687.00
51,51,*NOUSE*,*NOUSE*,49,1240,48,182.00,73.29,37.02,6064,444418.00
53,53,*NOUSE*,*NOUSE*,43,757,48,91.00,30.81,15.11,3506,108019.00
55,55,*NOUSE*,*NOUSE*,50,1263,48,205.00,81.19,41.39,5896,478705.00
67,67,*NOUSE*,*NOUSE*,45,632,48,139.00,34.83,19.70,2736,95298.00
128,128,*NOUSE*,*NOUSE*,52,1416,48,175.00,59.17,36.90,2574,152310.00
140,140,*NOUSE*,*NOUSE*,57,1278,48,230.00,93.75,48.70,5206,488082.00
205,205,*NOUSE*,*NOUSE*,57,715,48,70.00,28.47,12.70,3483,99174.00
227,227,*NOUSE*,*NOUSE*,65,1374,48,223.00,83.80,43.41,7964,667378.00
247,247,*NOUSE*,*NOUSE*,66,1183,48,186.00,76.49,35.12,6971,533245.00
262,262,*NOUSE*,*NOUSE*,60,428,48,106.00,46.82,23.87,1246,58343.00
349,349,*NOUSE*,*NOUSE*,67,1501,48,130.00,53.27,29.89,808,43041.00
11,11,*NOUSE*,*NOUSE*,38,1116,49,82.00,33.08,13.92,2026,67017.00
42,42,*NOUSE*,*NOUSE*,41,951,49,78.00,26.24,11.93,1614,42351.00
60,60,*NOUSE*,*NOUSE*,44,767,49,80.00,25.50,11.14,1755,44744.00
157,157,*NOUSE*,*NOUSE*,52,1466,49,140.00,50.28,24.26,2779,139728.00
176,176,*NOUSE*,*NOUSE*,51,301,49,148.00,45.21,31.45,438,19803.00
228,228,*NOUSE*,*NOUSE*,58,442,49,103.00,39.29,22.33,2339,91909.00
229,229,*NOUSE*,*NOUSE*,60,346,49,210.00,64.58,46.88,2676,172820.00
276,276,*NOUSE*,*NOUSE*,63,246,49,196.00,64.73,46.02,2163,140015.00
298,298,*NOUSE*,*NOUSE*,63,238,49,170.00,55.36,41.44,1355,75016.00
363,363,*NOUSE*,*NOUSE*,70,1430,49,175.00,51.30,29.64,5945,304999.00
493,493,*NOUSE*,*NOUSE*,76,1379,49,179.00,80.64,42.46,898,72416.00
118,118,*NOUSE*,*NOUSE*,50,1409,50,160.00,61.74,33.38,797,49203.00
129,129,*NOUSE*,*NOUSE*,57,310,50,209.00,66.99,41.49,6716,449918.00
158,158,*NOUSE*,*NOUSE*,52,1477,50,102.00,40.55,19.44,1349,54705.00
357,357,*NOUSE*,*NOUSE*,68,1473,50,177.00,56.93,34.25,3011,171424.00
516,516,*NOUSE*,*NOUSE*,78,292,50,157.00,51.62,28.28,1344,69371.00
41,41,*NOUSE*,*NOUSE*,41,965,51,72.00,24.59,10.05,3073,75567.00
61,61,*NOUSE*,*NOUSE*,45,621,51,86.00,29.96,15.04,3536,105948.00
77,77,*NOUSE*,*NOUSE*,51,1434,51,186.00,58.95,36.79,7148,421359.00
141,141,*NOUSE*,*NOUSE*,50,322,51,143.00,45.30,28.89,1029,46615.00
313,313,*NOUSE*,*NOUSE*,70,1393,51,248.00,93.82,55.08,6419,602230.00
330,330,*NOUSE*,*NOUSE*,70,1457,51,169.00,59.07,28.85,5870,346721.00
464,464,*NOUSE*,*NOUSE*,78,1279,51,241.00,110.17,58.18,4864,535890.00
16,16,*NOUSE*,*NOUSE*,47,1126,52,130.00,44.28,26.30,5538,245231.00
35,35,*NOUSE*,*NOUSE*,38,1062,52,47.00,24.63, 7.98,171,4211.00
277,277,*NOUSE*,*NOUSE*,55,1386,52,86.00,55.07,16.53,172,9472.00
317,317,*NOUSE*,*NOUSE*,58,1364,52,101.00,47.30,19.57,60,2838.00
494,494,*NOUSE*,*NOUSE*,84,1254,52,219.00,84.05,48.70,5520,463947.00
422,422,*NOUSE*,*NOUSE*,75,318,53,237.00,74.04,50.60,4165,308359.00
531,531,*NOUSE*,*NOUSE*,81,308,53,171.00,52.51,32.58,712,37384.00
549,549,*NOUSE*,*NOUSE*,85,1477,53,156.00,47.89,28.90,3106,148731.00
552,552,*NOUSE*,*NOUSE*,85,624,53,144.00,37.62,25.61,2387,89796.00
559,559,*NOUSE*,*NOUSE*,88,1395,53,248.00,86.10,56.96,5109,439886.00
553,553,*NOUSE*,*NOUSE*,84,1486,54,139.00,42.70,26.78,1030,43976.00
43,43,*NOUSE*,*NOUSE*,44,1254,55,159.00,68.88,32.57,2144,147675.00
460,460,*NOUSE*,*NOUSE*,72,224,55,97.00,45.67,22.20,217,9911.00
364,364,*NOUSE*,*NOUSE*,65,1465,56,134.00,54.80,30.73,305,16714.00
433,433,*NOUSE*,*NOUSE*,74,1445,56,131.00,49.60,22.11,665,32987.00
534,534,*NOUSE*,*NOUSE*,79,1386,56,144.00,60.75,30.13,761,46234.00
550,550,*NOUSE*,*NOUSE*,78,300,56,92.00,46.41,20.77,75,3481.00
19,19,*NOUSE*,*NOUSE*,39,1085,57,70.00,27.08,10.81,1937,52458.00
22,22,*NOUSE*,*NOUSE*,45,1184,57,193.00,72.62,39.54,5773,419261.00
69,69,*NOUSE*,*NOUSE*,42,851,57,45.00,22.77, 7.41,272,6193.00
566,566,*NOUSE*,*NOUSE*,86,612,57,157.00,43.68,28.69,2875,125578.00
621,621,*NOUSE*,*NOUSE*,90,1218,57,138.00,66.85,37.09,604,40375.00
12,12,*NOUSE*,*NOUSE*,37,1117,58,63.00,30.68,10.74,811,24883.00
248,248,*NOUSE*,*NOUSE*,54,346,58,103.00,37.56,22.44,88,3305.00
300,300,*NOUSE*,*NOUSE*,60,347,58,180.00,71.62,42.32,853,61088.00
599,599,*NOUSE*,*NOUSE*,87,733,58,120.00,37.52,22.70,787,29532.00
18,18,*NOUSE*,*NOUSE*,39,1095,59,80.00,29.39,13.23,2792,82050.00
29,29,*NOUSE*,*NOUSE*,46,1339,59,180.00,62.41,37.79,6491,405105.00
603,603,*NOUSE*,*NOUSE*,90,974,59,140.00,35.49,22.54,5665,201070.00
23,23,*NOUSE*,*NOUSE*,38,1071,60,76.00,26.43,12.37,3121,82499.00
287,287,*NOUSE*,*NOUSE*,59,1192,60,148.00,68.53,26.40,1861,127535.00
590,590,*NOUSE*,*NOUSE*,83,864,60,80.00,33.15,14.98,186,6165.00
620,620,*NOUSE*,*NOUSE*,92,1225,60,168.00,65.79,42.01,2669,175606.00
632,632,*NOUSE*,*NOUSE*,95,1171,60,95.00,38.83,19.62,367,14252.00
631,631,*NOUSE*,*NOUSE*,89,619,61,111.00,41.03,20.92,71,2913.00
143,143,*NOUSE*,*NOUSE*,49,435,62,62.00,32.85,11.51,100,3285.00
278,278,*NOUSE*,*NOUSE*,63,162,62,173.00,52.93,38.50,7593,401914.00
279,279,*NOUSE*,*NOUSE*,60,1202,62,133.00,55.62,22.90,1883,104725.00
570,570,*NOUSE*,*NOUSE*,85,1513,62,136.00,43.41,24.57,2122,92112.00
581,581,*NOUSE*,*NOUSE*,89,1459,62,217.00,62.48,44.77,2285,142770.00
625,625,*NOUSE*,*NOUSE*,93,1094,62,145.00,42.06,26.26,2908,122311.00
626,626,*NOUSE*,*NOUSE*,93,1083,62,107.00,38.26,20.99,2269,86823.00
46,46,*NOUSE*,*NOUSE*,49,1325,63,171.00,63.43,35.32,5297,336008.00
571,571,*NOUSE*,*NOUSE*,89,1316,63,246.00,85.94,53.83,3917,336646.00
592,592,*NOUSE*,*NOUSE*,86,1498,63,96.00,35.19,16.06,719,25300.00
593,593,*NOUSE*,*NOUSE*,88,726,63,155.00,44.34,28.81,1568,69526.00
604,604,*NOUSE*,*NOUSE*,89,1468,63,183.00,53.66,38.32,1260,67612.00
2,2,*NOUSE*,*NOUSE*,37,1166,64,94.00,40.01,16.24,3404,136179.00
28,28,*NOUSE*,*NOUSE*,39,1061,64,73.00,24.34, 9.88,2091,50903.00
178,178,*NOUSE*,*NOUSE*,49,1448,64,103.00,45.00,20.66,228,10260.00
533,533,*NOUSE*,*NOUSE*,87,1344,64,223.00,84.20,52.22,8128,684409.00
582,582,*NOUSE*,*NOUSE*,87,872,64,133.00,38.76,25.53,3032,117518.00
591,591,*NOUSE*,*NOUSE*,88,858,64,124.00,37.42,23.49,2275,85127.00
6,6,*NOUSE*,*NOUSE*,43,1311,65,173.00,49.77,30.63,7355,366037.00
26,26,*NOUSE*,*NOUSE*,39,1157,65,68.00,36.84,11.66,658,24242.00
109,109,*NOUSE*,*NOUSE*,52,1272,65,182.00,78.33,37.05,5057,396095.00
177,177,*NOUSE*,*NOUSE*,55,1397,65,192.00,65.87,40.33,2060,135688.00
299,299,*NOUSE*,*NOUSE*,65,123,65,187.00,54.46,40.47,6903,375951.00
58,58,*NOUSE*,*NOUSE*,40,1461,66,103.00,37.91,21.17,350,13268.00
594,594,*NOUSE*,*NOUSE*,83,489,66,89.00,35.87,18.05,126,4520.00
623,623,*NOUSE*,*NOUSE*,90,971,66,65.00,26.53,11.32,442,11725.00
627,627,*NOUSE*,*NOUSE*,94,1164,66,158.00,51.31,28.84,2391,122691.00
635,635,*NOUSE*,*NOUSE*,97,1328,66,175.00,53.27,31.83,1995,106282.00
80,80,*NOUSE*,*NOUSE*,48,533,67,160.00,44.86,27.97,3408,152891.00
130,130,*NOUSE*,*NOUSE*,56,295,67,225.00,78.60,53.67,6895,541955.00
434,434,*NOUSE*,*NOUSE*,75,292,67,249.00,93.27,60.92,5752,536481.00
583,583,*NOUSE*,*NOUSE*,87,1505,67,108.00,40.32,20.29,1281,51649.00
79,79,*NOUSE*,*NOUSE*,47,445,68,140.00,42.78,27.31,4252,181917.00
572,572,*NOUSE*,*NOUSE*,87,736,68,128.00,36.59,23.71,3409,124729.00
90,90,*NOUSE*,*NOUSE*,48,524,69,123.00,41.55,23.66,2010,83511.00
98,98,*NOUSE*,*NOUSE*,47,432,69,89.00,31.55,17.08,1155,36446.00
120,120,*NOUSE*,*NOUSE*,53,353,69,237.00,66.13,48.08,7444,492283.00
573,573,*NOUSE*,*NOUSE*,89,1177,69,233.00,84.93,55.44,4170,354141.00
36,36,*NOUSE*,*NOUSE*,40,912,70,72.00,30.20,12.09,1411,42617.00
47,47,*NOUSE*,*NOUSE*,42,806,70,95.00,34.91,17.31,3429,119720.00
496,496,*NOUSE*,*NOUSE*,80,362,71,205.00,59.68,41.09,2500,149201.00
539,539,*NOUSE*,*NOUSE*,82,529,71,140.00,41.87,28.87,1291,54059.00
617,617,*NOUSE*,*NOUSE*,89,865,71,86.00,40.30,19.25,128,5158.00
32,32,*NOUSE*,*NOUSE*,41,919,72,105.00,32.96,16.51,3099,102150.00
133,133,*NOUSE*,*NOUSE*,49,367,72,108.00,41.08,22.26,597,24527.00
436,436,*NOUSE*,*NOUSE*,74,1387,72,212.00,89.90,47.48,1018,91514.00
448,448,*NOUSE*,*NOUSE*,77,1439,72,164.00,56.82,32.61,2474,140582.00
449,449,*NOUSE*,*NOUSE*,78,1428,72,184.00,63.66,39.96,1063,67675.00
509,509,*NOUSE*,*NOUSE*,80,372,72,149.00,48.22,32.12,1494,72036.00
520,520,*NOUSE*,*NOUSE*,82,541,72,184.00,54.68,37.70,2721,148772.00
48,48,*NOUSE*,*NOUSE*,43,1327,73,145.00,55.52,29.63,915,50801.00
319,319,*NOUSE*,*NOUSE*,61,1460,73,115.00,55.54,20.70,278,15441.00
367,367,*NOUSE*,*NOUSE*,70,676,73,111.00,34.69,17.73,3651,126650.00
540,540,*NOUSE*,*NOUSE*,85,1196,73,245.00,99.89,54.00,6998,699053.00
64,64,*NOUSE*,*NOUSE*,44,813,74,73.00,30.99,13.76,1082,33528.00
71,71,*NOUSE*,*NOUSE*,52,1444,74,178.00,55.01,32.09,8356,459639.00
166,166,*NOUSE*,*NOUSE*,49,390,74,127.00,41.72,30.65,264,11015.00
320,320,*NOUSE*,*NOUSE*,65,207,74,186.00,49.31,38.53,1375,67806.00
435,435,*NOUSE*,*NOUSE*,77,1511,74,228.00,61.58,49.21,6536,402467.00
596,596,*NOUSE*,*NOUSE*,86,684,74,91.00,38.62,17.95,212,8188.00
91,91,*NOUSE*,*NOUSE*,56,1473,75,177.00,55.94,31.41,7834,438200.00
233,233,*NOUSE*,*NOUSE*,60,476,75,95.00,36.45,18.17,2459,89621.00
280,280,*NOUSE*,*NOUSE*,59,1000,75,56.00,27.35, 8.68,372,10173.00
65,65,*NOUSE*,*NOUSE*,45,624,76,157.00,42.19,26.28,3223,135965.00
381,381,*NOUSE*,*NOUSE*,71,665,76,98.00,35.98,17.46,2745,98762.00
523,523,*NOUSE*,*NOUSE*,87,1320,76,214.00,84.49,49.20,5156,435646.00
101,101,*NOUSE*,*NOUSE*,55,1377,77,204.00,80.22,42.51,6024,483237.00
145,145,*NOUSE*,*NOUSE*,51,1225,77,135.00,62.67,27.68,2325,145709.00
303,303,*NOUSE*,*NOUSE*,64,216,77,194.00,67.20,45.82,2236,150260.00
321,321,*NOUSE*,*NOUSE*,66,1193,77,181.00,62.88,31.47,2403,151096.00
59,59,*NOUSE*,*NOUSE*,47,1397,78,204.00,67.67,40.23,6403,433278.00
72,72,*NOUSE*,*NOUSE*,45,613,78,110.00,36.59,20.66,1578,57732.00
99,99,*NOUSE*,*NOUSE*,45,1307,78,135.00,55.18,26.74,622,34323.00
251,251,*NOUSE*,*NOUSE*,67,347,78,254.00,100.37,67.02,8285,831533.00
253,253,*NOUSE*,*NOUSE*,62,487,78,114.00,42.52,23.54,2649,112631.00
263,263,*NOUSE*,*NOUSE*,66,1172,78,235.00,90.32,43.81,5192,468920.00
288,288,*NOUSE*,*NOUSE*,63,826,78,68.00,25.91,11.78,2609,67601.00
289,289,*NOUSE*,*NOUSE*,62,1586,78,152.00,46.71,31.26,2266,105844.00
304,304,*NOUSE*,*NOUSE*,62,1596,78,115.00,39.43,23.57,947,37337.00
396,396,*NOUSE*,*NOUSE*,77,1280,78,241.00,98.92,56.90,4965,491138.00
437,437,*NOUSE*,*NOUSE*,80,1471,78,189.00,59.03,36.13,12146,716966.00
450,450,*NOUSE*,*NOUSE*,79,1379,78,242.00,99.97,52.64,3771,376997.00
521,521,*NOUSE*,*NOUSE*,83,675,78,170.00,49.54,33.45,3068,152002.00
541,541,*NOUSE*,*NOUSE*,81,535,78,136.00,50.64,29.48,912,46186.00
585,585,*NOUSE*,*NOUSE*,87,1399,78,239.00,91.53,55.53,4464,408602.00
336,336,*NOUSE*,*NOUSE*,66,1204,79,137.00,61.03,25.82,1232,75185.00
168,168,*NOUSE*,*NOUSE*,52,1218,80,134.00,52.17,25.08,629,32818.00
219,219,*NOUSE*,*NOUSE*,51,1307,80,138.00,55.09,30.22,407,22421.00
249,249,*NOUSE*,*NOUSE*,61,1394,80,241.00,88.04,47.99,5208,458529.00
252,252,*NOUSE*,*NOUSE*,61,839,80,72.00,29.72,12.89,3280,97479.00
8,8,*NOUSE*,*NOUSE*,46,1243,81,197.00,75.36,42.19,9128,687845.00
191,191,*NOUSE*,*NOUSE*,55,436,81,191.00,59.57,43.11,2071,123369.00
425,425,*NOUSE*,*NOUSE*,73,1398,81,226.00,98.19,52.58,2417,237335.00
102,102,*NOUSE*,*NOUSE*,53,1359,82,181.00,62.49,36.39,3794,237090.00
114,114,*NOUSE*,*NOUSE*,50,1260,82,190.00,81.59,38.34,4730,385922.00
183,183,*NOUSE*,*NOUSE*,55,444,82,203.00,56.88,40.33,2200,125131.00
337,337,*NOUSE*,*NOUSE*,61,1458,82,85.00,45.42,15.29,204,9265.00
384,384,*NOUSE*,*NOUSE*,68,1130,82,104.00,41.82,20.41,252,10538.00
542,542,*NOUSE*,*NOUSE*,82,685,82,172.00,45.52,31.88,2072,94313.00
634,634,*NOUSE*,*NOUSE*,92,1204,82,142.00,43.07,27.83,162,6978.00
382,382,*NOUSE*,*NOUSE*,70,450,83,232.00,67.95,48.91,3129,212629.00
386,386,*NOUSE*,*NOUSE*,69,439,83,172.00,48.44,34.52,1105,53529.00
525,525,*NOUSE*,*NOUSE*,83,831,83,108.00,34.55,20.69,1159,40043.00
92,92,*NOUSE*,*NOUSE*,51,1455,84,128.00,50.03,22.92,6138,307055.00
182,182,*NOUSE*,*NOUSE*,56,546,84,183.00,54.47,39.80,3458,188357.00
338,338,*NOUSE*,*NOUSE*,63,1561,84,111.00,39.49,22.70,418,16506.00
427,427,*NOUSE*,*NOUSE*,74,537,84,174.00,52.13,38.81,1690,88092.00
522,522,*NOUSE*,*NOUSE*,83,821,84,163.00,47.26,32.19,3841,181526.00
94,94,*NOUSE*,*NOUSE*,48,929,85,142.00,39.19,24.56,1711,67055.00
235,235,*NOUSE*,*NOUSE*,57,554,85,173.00,48.90,34.48,831,40638.00
359,359,*NOUSE*,*NOUSE*,76,1256,85,233.00,98.18,51.51,9005,884110.00
369,369,*NOUSE*,*NOUSE*,73,1118,85,243.00,71.52,48.07,5458,390369.00
486,486,*NOUSE*,*NOUSE*,81,767,85,168.00,55.06,39.03,2513,138362.00
555,555,*NOUSE*,*NOUSE*,84,960,85,193.00,58.82,42.92,3235,190268.00
83,83,*NOUSE*,*NOUSE*,47,937,86,141.00,43.24,29.32,2730,118043.00
104,104,*NOUSE*,*NOUSE*,54,1189,86,219.00,86.29,47.07,4936,425914.00
426,426,*NOUSE*,*NOUSE*,73,546,86,218.00,60.30,46.61,2813,169625.00
451,451,*NOUSE*,*NOUSE*,73,1378,86,167.00,73.59,34.26,2287,168289.00
633,633,*NOUSE*,*NOUSE*,92,1114,86,79.00,37.38,17.25,112,4186.00
103,103,*NOUSE*,*NOUSE*,53,1233,87,205.00,79.65,42.58,4690,373558.00
125,125,*NOUSE*,*NOUSE*,65,1270,87,241.00,99.18,51.70,10942,1085232.00
212,212,*NOUSE*,*NOUSE*,58,1209,87,94.00,42.20,13.24,3272,138089.00
256,256,*NOUSE*,*NOUSE*,60,1376,87,168.00,66.00,32.27,2163,142762.00
290,290,*NOUSE*,*NOUSE*,66,1520,87,183.00,50.31,36.54,6666,335378.00
340,340,*NOUSE*,*NOUSE*,60,437,87,184.00,57.39,38.83,306,17561.00
353,353,*NOUSE*,*NOUSE*,65,1385,87,125.00,66.30,25.02,598,39649.00
411,411,*NOUSE*,*NOUSE*,78,1226,87,243.00,90.43,53.73,4828,436612.00
438,438,*NOUSE*,*NOUSE*,72,1369,87,147.00,55.32,27.77,1118,61845.00
543,543,*NOUSE*,*NOUSE*,82,776,87,169.00,55.82,35.68,1740,97127.00
630,630,*NOUSE*,*NOUSE*,88,966,87,166.00,51.07,36.68,347,17721.00
291,291,*NOUSE*,*NOUSE*,61,691,88,119.00,42.38,27.92,287,12163.00
307,307,*NOUSE*,*NOUSE*,61,1368,88,135.00,52.68,27.87,903,47573.00
358,358,*NOUSE*,*NOUSE*,68,1134,88,123.00,43.05,25.11,1598,68798.00
410,410,*NOUSE*,*NOUSE*,71,1504,88,135.00,45.62,26.12,932,42518.00
439,439,*NOUSE*,*NOUSE*,73,853,88,156.00,48.15,35.92,281,13529.00
563,563,*NOUSE*,*NOUSE*,85,1282,88,177.00,65.87,33.61,1529,100716.00
629,629,*NOUSE*,*NOUSE*,88,1339,88,163.00,61.54,36.50,137,8431.00
292,292,*NOUSE*,*NOUSE*,66,1491,89,195.00,56.17,40.46,6493,364713.00
368,368,*NOUSE*,*NOUSE*,69,1197,89,229.00,94.76,51.43,2721,257847.00
383,383,*NOUSE*,*NOUSE*,71,1239,89,239.00,96.52,50.56,4463,430784.00
575,575,*NOUSE*,*NOUSE*,86,1292,89,154.00,50.44,31.91,1494,75360.00
115,115,*NOUSE*,*NOUSE*,48,1157,90,151.00,60.74,29.73,1207,73318.00
376,376,*NOUSE*,*NOUSE*,71,1477,90,187.00,64.43,39.15,1828,117787.00
282,282,*NOUSE*,*NOUSE*,64,1471,91,197.00,65.68,40.72,5246,344566.00
308,308,*NOUSE*,*NOUSE*,67,1451,91,224.00,74.58,46.50,7137,532258.00
473,473,*NOUSE*,*NOUSE*,75,942,91,174.00,49.52,35.07,391,19361.00
471,471,*NOUSE*,*NOUSE*,77,1314,92,206.00,85.78,48.30,3384,290289.00
194,194,*NOUSE*,*NOUSE*,60,1313,93,199.00,74.15,41.83,4510,334419.00
487,487,*NOUSE*,*NOUSE*,78,1083,93,139.00,50.47,32.42,1940,97910.00
501,501,*NOUSE*,*NOUSE*,79,1092,93,159.00,48.35,32.07,1773,85716.00
463,463,*NOUSE*,*NOUSE*,77,1409,94,172.00,53.67,30.50,1243,66708.00
213,213,*NOUSE*,*NOUSE*,67,1333,95,226.00,82.66,48.96,13312,1100436.00
441,441,*NOUSE*,*NOUSE*,76,1418,95,161.00,61.01,36.39,1960,119576.00
170,170,*NOUSE*,*NOUSE*,58,988,96,223.00,57.47,45.31,6776,389441.00
412,412,*NOUSE*,*NOUSE*,74,1170,96,231.00,88.44,50.35,3136,277344.00
116,116,*NOUSE*,*NOUSE*,59,1163,98,212.00,84.92,46.93,5708,484717.00
195,195,*NOUSE*,*NOUSE*,51,1318,98,110.00,52.42,22.01,146,7654.00
196,196,*NOUSE*,*NOUSE*,52,1321,98,125.00,60.52,28.55,227,13738.00
429,429,*NOUSE*,*NOUSE*,69,288,98,25.00,15.24, 3.68,139,2118.00
453,453,*NOUSE*,*NOUSE*,76,1116,98,190.00,57.74,37.96,2375,137122.00
474,474,*NOUSE*,*NOUSE*,75,1126,98,152.00,53.53,33.46,1316,70445.00
197,197,*NOUSE*,*NOUSE*,65,1188,99,234.00,90.78,52.79,4645,421671.00
527,527,*NOUSE*,*NOUSE*,80,1322,99,168.00,64.13,34.38,999,64069.00
126,126,*NOUSE*,*NOUSE*,59,1147,100,224.00,72.86,47.10,6591,480220.00
269,269,*NOUSE*,*NOUSE*,61,1223,100,161.00,57.09,33.87,2718,155176.00
198,198,*NOUSE*,*NOUSE*,60,1206,102,191.00,65.49,40.79,3873,253629.00
295,295,*NOUSE*,*NOUSE*,60,1231,102,116.00,45.05,23.86,703,31671.00
390,390,*NOUSE*,*NOUSE*,70,1315,102,158.00,63.34,28.21,790,50042.00
354,354,*NOUSE*,*NOUSE*,67,1307,106,130.00,48.19,25.79,1549,74646.00
377,377,*NOUSE*,*NOUSE*,66,1321,106,111.00,50.60,23.28,283,14320.00
733,733,*NOUSE*,*NOUSE*,70,1513,89,15.00, 2.45, 2.34,1413,3460.00
736,736,*NOUSE*,*NOUSE*,72,1484,89,25.00, 3.03, 2.58,1413,4275.00
749,749,*NOUSE*,*NOUSE*,67,1468,33,14.00, 1.79, 1.89,1413,2527.00
753,753,*NOUSE*,*NOUSE*,75,1372,48,15.00, 2.85, 2.35,1413,4024.00
764,764,*NOUSE*,*NOUSE*,57,1394,72,15.00, 4.33, 2.51,1413,6125.00
769,769,*NOUSE*,*NOUSE*,78,1394,57,35.00,11.84, 5.65,1413,16736.00
800,800,*NOUSE*,*NOUSE*,40,1116,54,82.00,32.39,13.13,2837,91900.00
802,802,*NOUSE*,*NOUSE*,39,1123,52,10.00, 1.78, 1.86,1413,2513.00
813,813,*NOUSE*,*NOUSE*,80,529,72,184.00,50.56,35.61,4012,202831.00
817,817,*NOUSE*,*NOUSE*,80,314,52,27.00, 4.54, 3.27,1413,6413.00
818,818,*NOUSE*,*NOUSE*,80,305,52,171.00,20.61,29.59,2125,43797.00
824,824,*NOUSE*,*NOUSE*,42,954,50,78.00,25.16,10.76,4687,117918.00
833,833,*NOUSE*,*NOUSE*,50,359,72,15.00, 2.19, 1.98,2103,4603.00
835,835,*NOUSE*,*NOUSE*,52,311,50,30.00, 4.01, 3.52,2103,8431.00
840,840,*NOUSE*,*NOUSE*,82,1329,36,13.00, 2.20, 2.27,1413,3113.00
848,848,*NOUSE*,*NOUSE*,78,922,35,13.00, 1.87, 2.01,1413,2648.00
860,860,*NOUSE*,*NOUSE*,48,1098,34,20.00, 1.88, 2.45,1413,2660.00
863,863,*NOUSE*,*NOUSE*,62,1194,28,39.00, 2.23, 2.56,1413,3151.00
865,865,*NOUSE*,*NOUSE*,70,1191,33,39.00, 2.44, 2.79,1413,3452.00
873,873,*NOUSE*,*NOUSE*,56,1319,95,15.00, 2.21, 1.94,1413,3127.00
884,884,*NOUSE*,*NOUSE*,80,1316,97,15.00, 2.37, 2.05,1413,3353.00
